1.75 1.7e-05
1.34 7e-06
5.34 0.003771
5.75 0.002984
1.35 2e-06
1.76 2.2e-05
5.35 0.00382
5.76 0.002996
1.77 3.1e-05
1.36 6e-06
5.36 0.003675
5.77 0.002924
1.78 2.2e-05
5.78 0.002999
5.37 0.0037
1.37 7e-06
1.38 8e-06
1.79 2e-05
5.38 0.003595
5.79 0.002816
9.39 1e-06
1.39 6e-06
5.39 0.003807
6.70 0.000911
6.71 0.000922
6.30 0.001783
6.72 0.000857
6.31 0.001684
6.73 0.000884
6.32 0.001685
6.74 0.000899
6.33 0.00165
6.75 0.000862
6.34 0.001562
6.76 0.000865
6.35 0.001675
6.36 0.001558
6.77 0.000813
6.78 0.000834
6.37 0.001561
6.79 0.000779
6.38 0.001518
6.39 0.001554
2.80 0.000351
2.40 0.000124
2.81 0.00036
2.00 2.7e-05
2.82 0.000355
2.41 0.00013
2.01 4.4e-05
2.42 0.000167
2.83 0.000383
2.02 5e-05
2.43 0.000152
2.84 0.000376
2.03 5.4e-05
2.85 0.000393
2.44 0.000144
2.04 5.7e-05
2.45 0.000152
2.86 0.000411
2.46 0.000137
2.05 4.7e-05
2.87 0.000396
2.47 0.000169
2.06 6.4e-05
2.88 0.000404
2.07 4.2e-05
2.48 0.000183
2.89 0.000449
2.08 5.3e-05
2.49 0.000148
2.09 5e-05
7.80 6.9e-05
3.80 0.002033
7.81 8.4e-05
7.40 0.000204
3.81 0.001938
3.40 0.00112
7.82 6.6e-05
3.00 0.000497
7.41 0.00022
7.00 0.000544
3.82 0.001948
3.41 0.001137
7.42 0.000232
7.83 9e-05
3.83 0.001991
7.01 0.000524
3.42 0.001077
3.01 0.000551
7.43 0.00021
3.43 0.001216
7.02 0.000517
3.84 0.002111
3.02 0.000599
7.84 7.9e-05
7.85 6.4e-05
3.03 0.000528
3.85 0.002021
7.44 0.000191
7.03 0.00052
3.44 0.001234
7.86 7.1e-05
3.04 0.000572
7.45 0.00018
3.45 0.001233
7.04 0.000525
3.86 0.002011
7.87 6.7e-05
3.46 0.001141
7.05 0.000501
3.87 0.002151
3.05 0.000585
7.46 0.00019
7.88 6e-05
7.47 0.000207
3.06 0.000627
3.88 0.002124
3.47 0.001261
7.06 0.000498
7.89 6.7e-05
3.07 0.000647
7.48 0.000193
3.89 0.002169
3.48 0.001268
7.07 0.000469
3.08 0.000676
7.49 0.000182
3.49 0.001242
7.08 0.000469
3.09 0.000652
7.09 0.000436
0.80 1e-06
8.80 3e-06
4.80 0.003928
8.81 1e-06
8.40 1.6e-05
4.81 0.003959
4.40 0.003309
8.82 2e-06
0.82 2e-06
8.41 1e-05
8.00 3.8e-05
4.82 0.00397
4.41 0.003352
4.00 0.002491
8.83 4e-06
8.42 1.5e-05
8.01 4.8e-05
4.83 0.004019
4.42 0.003341
4.01 0.002451
8.43 6e-06
8.84 4e-06
8.02 3e-05
4.84 0.003937
4.43 0.003442
4.02 0.002325
0.85 4e-06
8.85 2e-06
8.44 1.1e-05
8.03 3.9e-05
4.85 0.00386
4.44 0.003438
4.03 0.002418
8.86 2e-06
8.45 7e-06
0.86 1e-06
8.04 5.1e-05
4.86 0.003979
4.45 0.003329
4.04 0.002525
8.87 3e-06
0.87 1e-06
8.46 8e-06
8.05 4.5e-05
4.87 0.003925
4.46 0.003406
4.05 0.002589
8.88 1e-06
8.47 1e-05
8.06 4.7e-05
4.88 0.004049
4.47 0.003398
4.06 0.002582
0.48 1e-06
8.48 9e-06
0.89 1e-06
8.07 2.8e-05
4.89 0.004034
4.48 0.003527
4.07 0.00253
8.49 6e-06
8.08 4.2e-05
4.49 0.003558
4.08 0.002618
8.09 2.8e-05
4.09 0.002602
1.80 2.3e-05
5.80 0.002964
1.40 4e-06
1.81 2.2e-05
5.81 0.002951
5.40 0.003565
9.41 1e-06
9.00 1e-06
1.00 2e-06
1.82 2.9e-05
1.41 7e-06
5.82 0.002919
5.41 0.00365
5.00 0.004004
9.01 1e-06
1.01 2e-06
9.42 1e-06
1.83 3.4e-05
1.42 5e-06
5.83 0.002782
5.42 0.003739
5.01 0.003912
1.02 2e-06
1.84 3e-05
1.43 1.1e-05
5.84 0.002751
5.43 0.003594
5.02 0.003947
9.03 3e-06
1.03 2e-06
1.44 1e-06
1.85 2.4e-05
5.85 0.002769
5.44 0.003478
5.03 0.00407
1.04 2e-06
9.04 2e-06
1.45 6e-06
1.86 3.2e-05
5.86 0.002807
5.45 0.0035
5.04 0.003961
1.05 1e-06
9.05 3e-06
1.87 3.5e-05
1.46 8e-06
5.87 0.002746
5.46 0.003636
5.05 0.003912
1.06 2e-06
1.47 8e-06
1.88 3.9e-05
5.88 0.002672
5.47 0.003577
5.06 0.003978
1.07 2e-06
1.48 1.7e-05
1.89 2.8e-05
5.89 0.002707
5.48 0.003559
5.07 0.003939
1.08 1e-06
1.49 1e-05
5.49 0.003524
5.08 0.003854
9.09 1e-06
1.09 3e-06
5.09 0.00405
6.80 0.000806
6.81 0.0008
6.40 0.001449
6.82 0.00073
6.41 0.001517
6.00 0.002386
6.83 0.000771
6.42 0.00151
6.01 0.002416
6.84 0.000703
6.43 0.001412
6.02 0.002359
6.44 0.001443
6.85 0.000776
6.03 0.002354
6.86 0.000773
6.45 0.001288
6.04 0.002355
6.87 0.000651
6.46 0.001352
6.05 0.002366
6.88 0.000701
6.47 0.001323
6.06 0.002264
6.48 0.001361
6.89 0.000674
6.07 0.00228
6.49 0.001341
6.08 0.002235
6.09 0.002188
2.90 0.000469
2.50 0.000168
2.91 0.000461
2.10 5.6e-05
2.51 0.000191
2.92 0.000446
2.11 4.9e-05
2.93 0.000504
2.52 0.000199
2.12 6e-05
2.53 0.000186
2.94 0.000472
2.13 6.6e-05
2.95 0.0005
2.54 0.000184
2.14 7.1e-05
2.96 0.000498
2.55 0.000199
2.15 7.4e-05
2.56 0.000196
2.97 0.00048
2.16 7.3e-05
2.98 0.000513
2.57 0.000224
2.99 0.00055
2.58 0.000202
2.17 7.8e-05
2.18 7.3e-05
2.59 0.000211
2.19 6.2e-05
7.90 5.3e-05
3.90 0.002201
7.91 6.1e-05
7.50 0.000169
3.91 0.002214
3.50 0.001267
7.51 0.000152
7.92 4.8e-05
3.10 0.000683
7.10 0.000406
3.92 0.002312
3.51 0.001213
7.93 4.6e-05
7.52 0.000129
3.11 0.000625
7.11 0.00045
3.93 0.002261
3.52 0.00131
7.94 5.9e-05
7.53 0.000168
7.12 0.000455
3.94 0.002352
3.53 0.001332
3.12 0.000692
7.13 0.000402
7.54 0.000131
7.95 4.5e-05
3.95 0.002266
3.54 0.00135
3.13 0.00069
7.55 0.000149
7.14 0.000425
7.96 4.5e-05
3.14 0.000697
3.96 0.002289
3.55 0.0015
7.97 4.7e-05
7.56 0.000155
7.15 0.000398
3.97 0.002353
3.56 0.001443
3.15 0.00078
7.57 0.000129
7.98 5.5e-05
7.16 0.000354
3.98 0.002417
3.57 0.001416
3.16 0.000707
7.58 0.000116
7.99 4.4e-05
7.17 0.000373
3.99 0.002423
3.58 0.001448
3.17 0.000768
7.18 0.000363
3.59 0.001415
7.59 0.00016
3.18 0.000753
7.19 0.000362
3.19 0.00075
8.90 1e-06
0.90 3e-06
4.90 0.003931
0.91 1e-06
8.50 1e-05
8.91 3e-06
4.91 0.003979
4.50 0.00353
8.92 1e-06
0.92 1e-06
8.51 5e-06
8.10 3.4e-05
4.51 0.003615
4.10 0.002661
4.92 0.003878
0.93 4e-06
8.93 1e-06
8.52 5e-06
8.11 3.1e-05
4.11 0.002739
4.93 0.004088
4.52 0.003641
0.94 1e-06
8.53 1.1e-05
8.12 3.5e-05
4.12 0.002644
4.94 0.003967
4.53 0.003625
8.95 1e-06
8.54 8e-06
8.13 2.5e-05
4.13 0.002638
4.95 0.004034
4.54 0.003581
8.55 7e-06
8.14 3e-05
4.14 0.002755
4.96 0.003969
4.55 0.003618
0.97 1e-06
8.56 6e-06
8.15 3.2e-05
4.15 0.002782
4.97 0.004045
4.56 0.003689
8.98 2e-06
8.57 5e-06
0.98 1e-06
8.16 2.5e-05
4.98 0.004
4.16 0.002752
4.57 0.003691
8.58 1e-05
8.17 2.1e-05
0.99 4e-06
4.17 0.002841
4.99 0.004036
4.58 0.003682
8.59 5e-06
8.18 3.5e-05
4.18 0.002856
4.59 0.003697
8.19 2.5e-05
4.19 0.002814
1.90 1.9e-05
5.90 0.002718
1.91 3.4e-05
1.50 8e-06
5.50 0.003416
5.91 0.002583
1.10 5e-06
1.92 4e-05
1.51 7e-06
5.51 0.00347
5.10 0.003906
5.92 0.002616
1.11 2e-06
1.52 8e-06
1.93 3.4e-05
5.93 0.002662
5.52 0.003455
5.11 0.003995
1.53 9e-06
1.12 4e-06
1.94 3.5e-05
5.53 0.003384
5.12 0.003919
5.94 0.00262
1.13 1e-06
1.95 3.3e-05
1.54 1.1e-05
5.54 0.003442
5.13 0.003976
5.95 0.002511
9.14 2e-06
1.14 2e-06
1.55 1.5e-05
1.96 2.6e-05
5.55 0.003368
5.14 0.003889
5.96 0.002561
9.15 1e-06
1.15 1e-06
1.97 3.6e-05
1.56 1.4e-05
5.56 0.003405
5.15 0.003829
5.97 0.002501
1.16 1e-06
1.57 1.7e-05
1.98 3.1e-05
5.57 0.003441
5.16 0.003992
5.98 0.002486
9.17 1e-06
1.17 3e-06
1.58 7e-06
1.99 4.3e-05
5.58 0.00345
5.17 0.00385
5.99 0.002475
1.18 2e-06
1.59 9e-06
9.18 1e-06
5.59 0.003412
5.18 0.003936
9.19 1e-06
5.19 0.003978
6.90 0.000685
6.91 0.000659
6.50 0.001325
6.51 0.00132
6.92 0.000612
6.10 0.002182
6.93 0.000607
6.52 0.001289
6.11 0.002167
6.94 0.000655
6.53 0.001235
6.12 0.002102
6.95 0.000573
6.54 0.001181
6.13 0.002148
6.96 0.000568
6.55 0.001208
6.14 0.002118
6.97 0.000554
6.15 0.002032
6.56 0.001164
6.98 0.000539
6.57 0.001178
6.16 0.002004
6.58 0.001108
6.17 0.00197
6.99 0.000572
6.59 0.001122
6.18 0.002024
6.19 0.001996
2.60 0.000224
2.20 8e-05
2.61 0.000217
2.21 8.6e-05
2.62 0.000228
2.63 0.000236
2.22 8.1e-05
2.23 8e-05
2.64 0.000229
2.65 0.000237
2.24 8.8e-05
2.25 9.8e-05
2.66 0.000275
2.26 0.000101
2.67 0.000271
2.68 0.000262
2.27 9.5e-05
2.28 9.2e-05
2.69 0.000312
2.29 0.000105
7.60 0.000125
3.60 0.001512
7.61 0.000131
3.20 0.000738
3.61 0.001551
7.20 0.00035
7.62 0.000125
3.21 0.000783
3.62 0.001553
7.21 0.00035
7.63 0.000118
3.63 0.001495
3.22 0.00082
7.22 0.000345
7.23 0.000328
7.64 0.000112
3.64 0.001575
3.23 0.000845
7.24 0.000336
3.65 0.001546
3.24 0.000876
7.65 0.00012
7.66 0.00011
7.25 0.000317
3.66 0.001649
3.25 0.000901
7.67 0.000117
7.26 0.000288
3.67 0.001661
3.26 0.000889
7.68 0.000112
3.27 0.000888
3.68 0.001688
7.27 0.000339
7.28 0.000299
7.69 0.000109
3.28 0.000904
3.69 0.001676
7.29 0.000303
3.29 0.000884
10.07 1e-06
8.60 4e-06
4.60 0.003635
0.20 1e-06
8.61 5e-06
8.20 2.1e-05
4.61 0.003657
4.20 0.003076
8.21 1.8e-05
8.62 5e-06
4.62 0.003675
4.21 0.002912
8.63 7e-06
8.22 2.2e-05
4.63 0.003737
4.22 0.003048
8.64 2e-06
8.23 2.9e-05
4.64 0.003696
4.23 0.002955
8.65 6e-06
8.24 1.7e-05
4.65 0.003649
4.24 0.002891
8.66 2e-06
8.25 2e-05
4.66 0.003818
4.25 0.003083
8.67 3e-06
8.26 2.4e-05
4.67 0.003765
4.26 0.003118
8.68 7e-06
8.27 1.5e-05
4.68 0.003864
4.27 0.003087
0.69 1e-06
8.69 2e-06
8.28 1.6e-05
4.69 0.003869
4.28 0.003074
8.29 2.4e-05
4.29 0.003181
1.60 6e-06
5.60 0.003284
1.20 2e-06
9.20 1e-06
1.61 1.2e-05
5.61 0.003282
5.20 0.003933
9.21 2e-06
9.62 1e-06
1.62 8e-06
1.21 4e-06
5.62 0.003415
5.21 0.003813
1.22 5e-06
1.63 1.7e-05
5.63 0.003298
5.22 0.00392
1.64 1.4e-05
9.64 1e-06
9.23 1e-06
1.23 4e-06
5.64 0.003217
5.23 0.003865
9.24 1e-06
1.65 1.2e-05
1.24 5e-06
5.65 0.003255
5.24 0.003831
1.25 3e-06
9.25 2e-06
1.66 1.6e-05
5.66 0.003106
5.25 0.003852
1.26 1e-06
1.67 1.9e-05
5.67 0.003193
5.26 0.003757
1.27 3e-06
1.68 2.1e-05
5.68 0.003068
5.27 0.003855
9.28 1e-06
1.28 2e-06
1.69 2.1e-05
5.69 0.003047
5.28 0.003804
1.29 6e-06
5.29 0.003799
6.60 0.001149
6.61 0.001129
6.20 0.002043
6.62 0.001044
6.21 0.001952
6.63 0.001088
6.22 0.001883
6.64 0.001025
6.23 0.001815
6.65 0.000997
6.24 0.001893
6.66 0.001017
6.25 0.00177
6.26 0.001777
6.67 0.001047
6.68 0.000943
6.27 0.001804
6.69 0.000961
6.28 0.001763
6.29 0.001688
2.70 0.000319
2.30 0.000102
2.71 0.00029
2.72 0.000292
2.31 9.7e-05
2.73 0.000307
2.32 0.000102
2.33 0.000112
2.74 0.000295
2.75 0.000341
2.34 0.00012
2.35 0.000116
2.76 0.000331
2.36 0.000114
2.77 0.00032
2.78 0.000354
2.37 0.000138
2.79 0.000346
2.38 0.000142
2.39 0.000134
7.70 0.000106
3.70 0.00165
7.30 0.000249
7.71 0.000118
3.30 0.000938
3.71 0.001747
7.72 9e-05
7.31 0.000309
3.72 0.001711
3.31 0.000924
7.32 0.000277
7.73 8.7e-05
3.73 0.001742
3.32 0.000994
7.74 8.4e-05
7.33 0.000283
3.74 0.001795
3.33 0.001044
7.75 8.7e-05
3.34 0.001002
7.34 0.00025
3.75 0.001837
7.76 8.9e-05
7.35 0.000257
3.76 0.001839
3.35 0.001037
7.77 8.1e-05
7.36 0.00024
3.77 0.001851
3.36 0.00107
7.78 8.4e-05
7.37 0.000266
3.78 0.00193
3.37 0.001065
7.79 7.7e-05
7.38 0.000218
3.79 0.001871
3.38 0.001078
7.39 0.00022
3.39 0.001072
8.70 4e-06
4.70 0.003778
8.71 3e-06
8.30 1.1e-05
4.30 0.003119
4.71 0.003775
0.31 1e-06
8.72 3e-06
8.31 1.1e-05
4.31 0.003112
4.72 0.003897
8.73 6e-06
8.32 1.1e-05
4.73 0.003926
4.32 0.003191
8.74 3e-06
8.33 9e-06
4.33 0.003186
4.74 0.003854
0.75 1e-06
8.75 3e-06
8.34 1.9e-05
4.75 0.003832
4.34 0.003145
8.76 3e-06
0.76 2e-06
8.35 1.8e-05
4.76 0.003843
4.35 0.003323
8.36 1.5e-05
4.77 0.003976
4.36 0.003245
8.78 2e-06
8.37 1.7e-05
4.78 0.003945
4.37 0.003349
8.38 1.1e-05
8.79 4e-06
4.79 0.003789
4.38 0.003391
8.39 1e-05
4.39 0.003314
1.70 1.9e-05
5.70 0.003133
1.30 3e-06
1.71 2.3e-05
5.71 0.002998
5.30 0.003903
1.72 1.3e-05
5.72 0.00306
5.31 0.003879
1.32 7e-06
1.73 2e-05
5.32 0.003768
5.73 0.003058
1.33 5e-06
1.74 2.8e-05
5.33 0.003761
5.74 0.003102
