24.93 2e-05 
117.44 1e-05 
1.38 0.00174
45.33 1e-05 
24.94 4e-05 
1.39 0.00188 
45.34 1e-05 
24.95 4e-05 
378.27 1e-05 
45.35 1e-05
24.96 2e-05
45.36 1e-05
378.28 1e-05
24.97 4e-05
24.98 1e-05
24.99 5e-05
45.39 1e-05
412.75 1e-05
90.60 1e-05
55.90 1e-05
121.21 1e-05
100.84 1e-05
100.86 1e-05
55.95 1e-05
55.97 1e-05
148.48 1e-05
203.31 1e-05
76.36 1e-05
148.49 1e-05
55.98 1e-05
320.12 1e-05
14.40 7e-05
14.41 3e-05
76.38 2e-05
326.95 1e-05
14.42 3e-05
14.43 5e-05
14.44 1e-05
14.45 5e-05
14.46 4e-05
663.02 1e-05
14.47 4e-05
14.48 5e-05
14.49 5e-05
193.74 1e-05
392.60 1e-05
296.23 1e-05
1.40 0.00147 1
1.41 0.00168
152.25 1e-05
179.45 1e-05
1.42 0.00166
1.43 0.00164
1.44 0.00152
80.16 1e-05
1.45 0.0018
45.40 2e-05
1.46 0.00185
45.41 1e-05
1.47 0.00165
45.42 1e-05
1.48 0.00161
1.49 0.00167
45.44 1e-05
213.99 1e-05
45.46 3e-05
45.47 1e-05
694.07 1e-05
90.70 1e-05
121.32 1e-05
76.40 2e-05
76.43 1e-05
100.97 1e-05
76.44 1e-05
121.36 1e-05
76.45 1e-05
76.46 1e-05
14.50 4e-05
76.48 1e-05
14.51 2e-05
14.52 2e-05
76.49 1e-05
14.53 0.0001
14.54 2e-05
14.55 7e-05
14.56 3e-05
14.57 4e-05
14.58 6e-05
14.59 3e-05
601.28 1e-05
296.32 1e-05
80.20 1e-05
1.50 0.00146
1.51 0.00159
1.52 0.00159
1.53 0.00171
1.54 0.00155
117.60 2e-05
1.55 0.0016
138.01 1e-05
1.56 0.00164
80.28 1e-05
1.57 0.00137
45.52 1e-05
1.58 0.00136
330.86 1e-05
45.53 1e-05
1.59 0.00131
45.54 1e-05
45.55 1e-05
45.56 1e-05
117.68 1e-05
45.57 1e-05
90.80 1e-05
121.46 1e-05
148.67 1e-05
1445.19 1e-05
76.55 1e-05
14.60 3e-05
14.61 3e-05
35.01 2e-05
14.62 0.0001
35.02 2e-05
14.63 4e-05
35.03 1e-05
14.64 8e-05
35.04 1e-05
203.57 1e-05
14.65 5e-05
14.66 5e-05
14.67 0.0001
107.19 1e-05
35.07 1e-05
14.68 3e-05
35.08 1e-05
14.69 6e-05
402.49 1e-05
841.78 1e-05
1.60 0.00139
1.61 0.00133
1.62 0.00147
1.63 0.00155
1.64 0.00147
152.48 1e-05
1.65 0.00135
1.66 0.00138
117.73 1e-05
66.00 1e-05
80.38 1e-05
1.67 0.00163
45.61 1e-05
117.74 1e-05
1.68 0.00166
45.63 1e-05
1.69 0.00138
45.67 1e-05
45.68 2e-05
138.19 1e-05
66.07 2e-05
433.45 1e-05
183.44 1e-05
90.96 1e-05
121.54 1e-05
14.70 5e-05
76.68 1e-05
14.71 4e-05
14.72 3e-05
97.08 2e-05
35.12 2e-05
14.73 3e-05
14.74 4e-05
429.70 1e-05
35.14 1e-05
14.75 5e-05
35.15 2e-05
14.76 5e-05
35.16 2e-05
14.77 6e-05
14.78 2e-05
35.17 2e-05
14.79 8e-05
35.19 1e-05
402.59 1e-05
152.52 1e-05
1.70 0.00133
80.42 1e-05
1.71 0.00138
1.72 0.00133
1.73 0.00126
378.60 1e-05
1.74 0.00119
1.75 0.00122
1.76 0.00136
1.77 0.00138
138.23 1e-05
80.49 1e-05
1.78 0.00118
1.79 0.00136
138.25 1e-05
45.77 1e-05
45.79 2e-05
316.76 1e-05
1486.89 1e-05
97.11 1e-05
76.72 1e-05
97.12 1e-05
121.66 1e-05
97.14 1e-05
76.76 1e-05
97.15 1e-05
14.80 6e-05
581.32 1e-05
35.20 1e-05
14.81 7e-05
76.78 2e-05
76.79 1e-05
14.82 2e-05
35.21 1e-05
35.22 2e-05
14.83 4e-05
14.84 8e-05
14.85 4e-05
35.24 1e-05
107.37 1e-05
35.25 1e-05
14.86 7e-05
14.87 6e-05
14.88 5e-05
35.27 1e-05
35.28 1e-05
14.89 4e-05
35.29 2e-05
36346.77 1e-05
179.82 1e-05
173.02 1e-05
80.51 1e-05
1.80 0.00144
1654.80 1e-05
1.81 0.00133
1.82 0.00119
152.66 1e-05
1.83 0.00111
378.70 1e-05
179.87 1e-05
1.84 0.00116
138.30 1e-05
1.85 0.00122
45.80 1e-05
1.86 0.0012
1.87 0.00111
45.82 2e-05
80.59 1e-05
8874.48 1e-05
1.88 0.00108
45.83 2e-05
111.14 1e-05
66.22 1e-05
1.89 0.00116
111.15 1e-05
316.80 1e-05
66.24 2e-05
45.87 1e-05
45.89 2e-05
66.29 1e-05
454.06 1e-05
618.13 1e-05
1164.46 1e-05
618.19 1e-05
148.90 1e-05
121.73 1e-05
76.81 2e-05
70.02 1e-05
97.24 1e-05
70.05 1e-05
14.90 4e-05
70.07 1e-05
14.91 4e-05
35.31 1e-05
14.92 5e-05
14.93 3e-05
35.32 3e-05
14.94 0.00014
35.33 2e-05
14.95 1e-05
35.34 2e-05
14.96 4e-05
14.97 3e-05
35.36 2e-05
14.98 0.0001
14.99 6e-05
35.39 1e-05
2589.49 1e-05
429.98 1e-05
173.11 1e-05
80.61 1e-05
1.90 0.00137
1.91 0.00107
1.92 0.00114
1.93 0.00121
1.94 0.00117
1.95 0.00113
45.90 3e-05
138.41 1e-05
1.96 0.00122
45.91 1e-05
1.97 0.00117
2133.56 1e-05
80.69 1e-05
1.98 0.0012
255.23 1e-05
1.99 0.00114
8.00 8e-05
234.86 1e-05
2133.58 1e-05
8.01 0.00018
45.95 1e-05
8.02 0.00016
45.96 4e-05
8.03 0.00013
495.69 1e-05
8.04 0.00016
8.05 0.00012
45.99 1e-05
8.06 0.0001
8.07 0.00017
310.15 1e-05
8.08 0.0001
8.09 0.00016
934.04 1e-05
142.20 2e-05
76.92 1e-05
70.12 1e-05
97.32 1e-05
121.87 1e-05
142.27 1e-05
286.27 1e-05
76.97 1e-05
347.93 1e-05
35.40 1e-05
35.41 1e-05
70.18 1e-05
35.42 2e-05
35.44 2e-05
35.45 2e-05
35.47 1e-05
35.48 1e-05
35.49 1e-05
306.47 1e-05
505.31 1e-05
8.10 0.00011
8.11 7e-05
111.36 1e-05
66.44 1e-05
8.12 7e-05
8.13 0.00015
8.14 0.00016
8.15 0.00014
433.84 1e-05
8.16 0.00011
8.17 7e-05
8.18 0.00019
8.19 0.00011
659.91 1e-05
653.18 1e-05
183.82 1e-05
2041.01 1e-05
183.88 1e-05
169.50 1e-05
97.40 1e-05
70.21 1e-05
70.22 1e-05
70.24 1e-05
70.25 1e-05
8747.34 1e-05
70.26 1e-05
121.99 1e-05
341.21 1e-05
107.62 1e-05
35.51 1e-05
70.28 2e-05
70.29 2e-05
97.49 1e-05
35.53 3e-05
7792.60 1e-05
35.54 1e-05
35.55 2e-05
35.56 2e-05
35.57 1e-05
35.58 1e-05
306.53 1e-05
35.59 1e-05
80.80 1e-05
704.36 1e-05
152.98 1e-05
111.40 1e-05
138.62 1e-05
111.43 1e-05
80.89 1e-05
66.52 3e-05
8.20 6e-05
138.65 1e-05
66.53 1e-05
8.21 0.00019
8.22 0.00014
66.54 1e-05
66.55 1e-05
111.47 1e-05
8.23 0.0001
255.48 1e-05
8.24 0.00012
111.49 1e-05
8.25 0.00014
66.58 1e-05
8.26 0.00011
66.59 1e-05
8.27 8e-05
8.28 0.00014
8.29 0.00013
183.95 1e-05
142.40 1e-05
97.50 1e-05
70.31 1e-05
97.51 1e-05
70.33 1e-05
70.34 1e-05
368.50 1e-05
169.67 1e-05
70.36 2e-05
35.60 3e-05
35.61 1e-05
70.38 1e-05
35.62 1e-05
97.59 1e-05
35.65 1e-05
306.60 1e-05
35.66 1e-05
107.79 1e-05
35.67 3e-05
35.68 2e-05
35.69 3e-05
540.27 1e-05
173.41 1e-05
111.51 1e-05
80.98 1e-05
495.94 1e-05
25.00 4e-05
351.95 1e-05
8.30 0.00011
25.01 4e-05
25.02 2e-05
66.63 1e-05
8.31 9e-05
66.64 1e-05
25.03 1e-05
8.32 0.00014
8.33 0.00013
25.04 3e-05
8.34 0.0001
25.05 2e-05
25.06 3e-05
8.35 0.00012
25.07 4e-05
8.36 0.00013
25.08 1e-05
8.37 0.00012
8.38 9e-05
25.09 3e-05
8.39 9e-05
1123.29 1e-05
56.01 1e-05
56.03 1e-05
97.64 1e-05
56.05 1e-05
107.82 1e-05
35.71 2e-05
107.86 1e-05
35.74 2e-05
107.87 1e-05
35.75 4e-05
35.77 2e-05
35.79 1e-05
649.58 1e-05
622.45 1e-05
173.50 1e-05
87.05 2e-05
111.62 1e-05
111.63 1e-05
25.10 1e-05
25.11 3e-05
66.72 1e-05
8.40 0.00017
214.04 1e-05
25.12 2e-05
8.41 0.0001
25.13 2e-05
66.74 1e-05
8.42 0.00015
138.87 1e-05
66.75 1e-05
8.43 0.00011
25.15 1e-05
138.88 1e-05
8.44 0.00019
25.16 3e-05
8.45 0.00012
8.46 0.00015
25.18 2e-05
66.79 1e-05
8.47 0.00012
8.48 0.00013
8.49 0.00016
770.22 1e-05
142.62 1e-05
101.02 1e-05
56.11 1e-05
142.65 1e-05
97.74 1e-05
56.13 2e-05
101.06 1e-05
56.15 1e-05
485.51 1e-05
142.68 1e-05
35.80 1e-05
107.92 1e-05
128.28 1e-05
35.82 1e-05
56.19 1e-05
35.83 2e-05
35.84 1e-05
35.85 1e-05
35.86 1e-05
35.87 2e-05
35.88 1e-05
35.89 1e-05
132.03 1e-05
159.24 1e-05
87.13 1e-05
111.73 2e-05
159.29 1e-05
25.20 1e-05
25.21 1e-05
8.50 8e-05
25.22 1e-05
111.75 1e-05
8.51 0.00013
25.23 3e-05
8.52 0.00015
25.24 3e-05
8.53 0.00016
25.25 2e-05
111.78 1e-05
214.17 1e-05
8.54 0.00015
25.26 1e-05
66.87 1e-05
8.55 9e-05
25.27 1e-05
60.07 1e-05
8.56 0.00011
60.08 1e-05
25.28 2e-05
8.57 0.00016
60.09 1e-05
25.29 1e-05
8.58 0.00011
1915.21 1e-05
8.59 0.00018
893.92 1e-05
70.62 1e-05
56.21 1e-05
56.22 1e-05
91.02 1e-05
101.15 1e-05
245.17 2e-05
70.67 1e-05
101.18 1e-05
91.06 1e-05
56.26 1e-05
56.28 1e-05
35.92 3e-05
35.93 1e-05
56.29 1e-05
35.95 1e-05
35.96 1e-05
35.98 1e-05
290.50 1e-05
290.51 1e-05
132.12 1e-05
87.21 1e-05
132.13 1e-05
87.22 1e-05
255.80 1e-05
132.16 1e-05
276.17 1e-05
87.26 1e-05
25.30 5e-05
598.63 1e-05
60.10 1e-05
87.27 1e-05
25.31 1e-05
8.60 9e-05
6037.91 1e-05
60.12 1e-05
25.32 2e-05
8.61 0.00015
66.93 1e-05
25.33 2e-05
60.13 1e-05
8.62 0.00015
8.63 7e-05
25.34 5e-05
331.07 1e-05
8.64 7e-05
25.35 1e-05
25.36 1e-05
8.65 0.00012
25.37 1e-05
8.66 0.00014
25.38 4e-05
8.67 0.00016
25.39 1e-05
8.68 0.00017
60.19 1e-05
8.69 0.00015
70.70 1e-05
97.91 1e-05
56.32 1e-05
70.74 1e-05
101.27 1e-05
142.88 1e-05
91.16 1e-05
56.36 1e-05
101.29 1e-05
368.98 1e-05
1829.56 1e-05
1236.64 1e-05
393.03 1e-05
87.36 1e-05
25.40 2e-05
60.20 1e-05
111.94 1e-05
8.70 0.00017
8.71 0.00013
25.42 2e-05
60.23 1e-05
25.43 1e-05
8.72 0.00017
25.44 2e-05
8.73 0.0001
8.74 0.00018
25.45 2e-05
358.37 1e-05
60.25 1e-05
8.75 0.00012
25.46 3e-05
8.76 8e-05
25.47 3e-05
60.27 1e-05
25.48 3e-05
8.77 0.00012
25.49 3e-05
8.78 0.00018
8.79 0.0001
612.16 1e-05
817.80 1e-05
63179.10 1e-05
163.22 1e-05
1322.58 1e-05
101.32 1e-05
56.40 1e-05
101.33 1e-05
128.53 1e-05
128.54 1e-05
101.34 1e-05
1308.27 1e-05
56.43 2e-05
70.85 1e-05
56.45 1e-05
56.46 1e-05
101.38 1e-05
70.88 1e-05
56.47 1e-05
70.89 1e-05
444.28 1e-05
567.94 1e-05
173.93 1e-05
87.41 2e-05
7027.66 1e-05
87.44 1e-05
214.40 1e-05
290.78 1e-05
132.38 1e-05
25.50 1e-05
60.31 1e-05
25.51 4e-05
8.80 0.0001
25.52 2e-05
8.81 0.0001
2.00 0.00109
25.53 1e-05
8.82 0.00012
2.01 0.00133
60.34 1e-05
25.54 2e-05
5511.12 1e-05
8.83 0.00012
2.02 0.0012
118.06 1e-05
25.55 2e-05
8.84 0.00016
2.03 0.00095
25.56 2e-05
8.85 0.00013
2.04 0.0011
25.57 2e-05
8.86 0.00012
2.05 0.00108
25.58 2e-05
60.38 1e-05
8.87 0.00014
2.06 0.00114
25.59 5e-05
60.39 1e-05
8.88 0.00012
2.07 0.00091
8.89 0.00014
2.08 0.00118
2.09 0.00099
280.23 1e-05
101.43 1e-05
1782.38 1e-05
70.97 2e-05
91.36 1e-05
15.00 2e-05
56.58 1e-05
15.01 5e-05
15.02 5e-05
2261.08 1e-05
15.03 2e-05
15.04 3e-05
15.05 5e-05
15.06 2e-05
15.07 2e-05
15.08 6e-05
15.09 3e-05
290.84 1e-05
87.53 1e-05
87.54 1e-05
118.10 1e-05
46.00 1e-05
25.61 2e-05
60.41 1e-05
8.90 0.00011
8.91 0.0001
2.10 0.00084
46.02 1e-05
8.92 0.00012
2.11 0.00129
25.64 2e-05
46.03 1e-05
8.93 0.00014
2.12 0.00113
60.45 2e-05
8.94 0.0001
2.13 0.00107
25.66 2e-05
8.95 9e-05
2.14 0.00088
25.67 1e-05
46.06 1e-05
60.47 1e-05
8.96 0.00013
2.15 0.0012
25.68 3e-05
60.48 1e-05
46.07 1e-05
8.97 0.00014
2.16 0.00103
46.08 1e-05
8.98 5e-05
2.17 0.00113
46.09 1e-05
8.99 0.00012
2.18 0.00106
2.19 0.0011
1267.83 1e-05
163.47 1e-05
149.10 2e-05
3257.48 1e-05
128.72 1e-05
91.40 1e-05
56.61 1e-05
91.41 1e-05
128.74 1e-05
149.17 1e-05
101.59 1e-05
15.10 9e-05
15.11 2e-05
15.12 5e-05
15.13 2e-05
15.14 4e-05
15.15 5e-05
300.49 1e-05
327.69 1e-05
15.16 6e-05
15.17 5e-05
15.18 6e-05
15.19 5e-05
194.41 1e-05
1435.80 1e-05
194.45 1e-05
194.48 1e-05
159.73 1e-05
87.62 1e-05
132.57 1e-05
60.50 1e-05
214.62 1e-05
132.59 2e-05
25.70 3e-05
87.68 1e-05
60.51 1e-05
25.71 1e-05
46.10 2e-05
25.72 1e-05
87.69 1e-05
60.52 1e-05
2.20 0.00118
46.12 1e-05
25.73 2e-05
2.21 0.00121
46.13 2e-05
60.54 1e-05
2.22 0.00098
25.74 2e-05
46.14 1e-05
25.75 1e-05
2.23 0.00082
60.55 1e-05
235.07 1e-05
60.56 1e-05
25.76 3e-05
2.24 0.00096
46.16 1e-05
25.77 1e-05
2.25 0.00088
46.17 1e-05
25.78 1e-05
2.26 0.00079
2.27 0.00074
25.79 3e-05
46.19 1e-05
2.28 0.00093
2.29 0.00092
516.04 1e-05
77.10 1e-05
56.72 1e-05
77.12 1e-05
77.13 1e-05
56.75 1e-05
266.07 1e-05
77.15 1e-05
362.48 1e-05
56.77 1e-05
56.78 1e-05
15.20 7e-05
56.79 1e-05
15.21 7e-05
15.22 4e-05
444.56 1e-05
15.23 5e-05
15.24 3e-05
15.25 8e-05
15.26 5e-05
526.63 1e-05
15.27 2e-05
15.28 5e-05
15.29 3e-05
1113.42 1e-05
2741.12 1e-05
132.67 1e-05
118.30 1e-05
153.07 1e-05
153.08 1e-05
25.80 3e-05
235.11 1e-05
60.60 1e-05
60.61 1e-05
25.81 1e-05
46.21 1e-05
25.82 1e-05
2.30 0.00101
25.83 1e-05
60.63 2e-05
2.31 0.00081
25.84 1e-05
2.32 0.00102
60.65 1e-05
791.20 1e-05
25.85 2e-05
2.33 0.00092
46.25 1e-05
2.34 0.00103
25.86 2e-05
60.66 1e-05
118.38 1e-05
60.67 2e-05
2.35 0.0009
25.87 3e-05
60.68 1e-05
25.88 1e-05
2.36 0.00113
46.28 2e-05
2.37 0.00082
25.89 4e-05
2.38 0.00079
2.39 0.00092
811.45 1e-05
163.63 1e-05
101.71 1e-05
56.81 2e-05
50.01 1e-05
2144.50 1e-05
91.63 1e-05
56.84 1e-05
56.85 1e-05
50.04 2e-05
101.77 1e-05
149.36 1e-05
101.78 1e-05
128.98 1e-05
149.38 1e-05
280.59 2e-05
56.88 1e-05
77.27 1e-05
15.30 7e-05
50.07 1e-05
15.31 4e-05
204.23 1e-05
77.29 1e-05
15.32 3e-05
15.33 4e-05
15.34 4e-05
15.35 4e-05
15.36 5e-05
15.37 8e-05
15.38 3e-05
15.39 5e-05
629.22 1e-05
81.01 1e-05
153.13 1e-05
1690.07 1e-05
81.03 1e-05
81.06 1e-05
60.71 1e-05
25.91 2e-05
25.92 1e-05
2.40 0.00093
87.89 1e-05
60.73 1e-05
2.41 0.00086
25.94 5e-05
2.42 0.0008
60.75 2e-05
25.95 4e-05
46.34 2e-05
2.43 0.00093
25.96 1e-05
60.76 2e-05
2.44 0.00079
496.08 1e-05
60.77 1e-05
2.45 0.00065
60.78 1e-05
25.98 3e-05
2.46 0.00077
2.47 0.00089
46.39 1e-05
2.48 0.00092
2.49 0.00098
163.76 1e-05
101.80 1e-05
149.40 1e-05
56.90 1e-05
50.10 1e-05
56.91 1e-05
91.74 1e-05
444.70 1e-05
77.34 1e-05
50.14 1e-05
50.15 1e-05
149.47 1e-05
56.96 2e-05
50.16 1e-05
56.97 1e-05
15.40 4e-05
15.41 3e-05
50.19 1e-05
15.42 4e-05
77.39 1e-05
204.35 1e-05
444.76 1e-05
15.43 5e-05
15.44 1e-05
15.45 6e-05
15.46 6e-05
15.47 5e-05
15.48 6e-05
15.49 5e-05
194.74 1e-05
3021.13 1e-05
81.10 1e-05
87.92 1e-05
81.11 1e-05
81.12 2e-05
87.95 1e-05
276.88 1e-05
60.80 1e-05
270.09 1e-05
87.98 1e-05
2.50 0.00072
60.83 1e-05
46.42 2e-05
2.51 0.00073
60.84 1e-05
118.55 1e-05
2.52 0.00076
2.53 0.00091
2.54 0.00092
2.55 0.00084
60.88 1e-05
46.47 1e-05
2.56 0.00086
46.48 1e-05
2.57 0.0008
46.49 4e-05
2.58 0.00071
2.59 0.00095
317.48 1e-05
245.90 1e-05
101.90 1e-05
149.51 1e-05
50.20 1e-05
77.44 1e-05
91.87 1e-05
50.26 1e-05
15.50 4e-05
108.01 1e-05
588.83 1e-05
15.51 8e-05
15.52 6e-05
465.25 1e-05
15.53 4e-05
15.54 7e-05
15.55 8e-05
15.56 3e-05
15.57 2e-05
15.58 2e-05
15.59 7e-05
1134.16 1e-05
132.96 1e-05
81.24 2e-05
81.27 1e-05
331.83 1e-05
2.60 0.00074
2.61 0.00082
60.93 1e-05
2.62 0.00079
2.63 0.00075
2.64 0.00075
674.72 1e-05
2.65 0.0006
118.68 1e-05
2.66 0.00093
2.67 0.0008
46.59 2e-05
2.68 0.00084
2.69 0.00076
163.94 1e-05
1220.08 1e-05
91.90 1e-05
91.91 1e-05
77.50 1e-05
50.31 1e-05
383.25 1e-05
50.33 1e-05
77.53 1e-05
50.35 1e-05
321.31 1e-05
50.36 1e-05
50.37 1e-05
91.98 1e-05
15.60 3e-05
50.38 1e-05
36.00 2e-05
15.61 3e-05
15.62 1e-05
15.63 5e-05
444.97 1e-05
15.64 4e-05
36.04 1e-05
15.65 5e-05
582.18 1e-05
15.66 3e-05
108.17 1e-05
15.67 2e-05
36.06 2e-05
108.19 1e-05
36.07 1e-05
15.68 3e-05
36.08 2e-05
15.69 1e-05
1655.60 1e-05
81.33 1e-05
81.34 1e-05
475.91 1e-05
331.93 1e-05
270.29 1e-05
2.70 0.00073
46.61 2e-05
2.71 0.00091
67.01 1e-05
2.72 0.00078
46.64 1e-05
2.73 0.00071
118.77 1e-05
46.65 1e-05
2.74 0.00074
2.75 0.00069
67.06 1e-05
496.39 1e-05
2.76 0.00067
2.77 0.00067
67.08 1e-05
2.78 0.00064
2.79 0.00077
122.50 1e-05
266.51 1e-05
50.40 1e-05
50.41 1e-05
50.42 1e-05
122.54 1e-05
50.44 2e-05
77.64 1e-05
98.04 1e-05
465.40 1e-05
362.99 1e-05
50.47 1e-05
15.70 4e-05
15.71 4e-05
108.22 1e-05
36.10 3e-05
36.11 1e-05
15.72 7e-05
15.73 2e-05
204.65 1e-05
36.13 1e-05
15.74 4e-05
108.27 1e-05
36.15 1e-05
15.76 5e-05
15.77 7e-05
15.78 3e-05
36.17 2e-05
15.79 4e-05
629.63 1e-05
81.43 1e-05
270.38 1e-05
153.58 1e-05
67.10 1e-05
46.71 2e-05
2.80 0.0008
112.03 1e-05
67.11 1e-05
46.72 1e-05
2.81 0.00075
2.82 0.0007
118.86 1e-05
2.83 0.00073
67.14 1e-05
2.84 0.00048
67.15 1e-05
2.85 0.00064
2.86 0.00072
2.87 0.00065
2.88 0.00077
2.89 0.00072
50.50 1e-05
149.82 1e-05
77.70 1e-05
143.02 1e-05
50.53 3e-05
98.13 1e-05
50.55 1e-05
77.76 2e-05
143.07 1e-05
143.08 1e-05
15.80 5e-05
50.58 2e-05
36.20 2e-05
15.81 7e-05
36.21 2e-05
15.82 2e-05
50.59 2e-05
225.14 1e-05
15.83 2e-05
36.23 1e-05
15.84 4e-05
561.98 1e-05
15.85 6e-05
36.24 3e-05
781.21 1e-05
15.86 7e-05
36.25 2e-05
36.26 1e-05
15.87 4e-05
15.88 6e-05
15.89 6e-05
36.28 2e-05
36.29 1e-05
520.49 1e-05
112.11 1e-05
46.80 1e-05
2.90 0.00073
40.01 1e-05
46.82 3e-05
2.91 0.00074
67.21 1e-05
46.83 1e-05
40.02 2e-05
2.92 0.0007
2.93 0.00076
40.04 1e-05
379.77 1e-05
256.16 1e-05
2.94 0.0006
46.86 1e-05
2.95 0.00083
40.06 3e-05
118.99 1e-05
2.96 0.00062
46.88 1e-05
40.07 1e-05
2.97 0.00072
67.28 1e-05
40.08 1e-05
2.98 0.00072
40.09 1e-05
67.29 1e-05
2.99 0.00063
2559.43 1e-05
50.61 1e-05
122.73 1e-05
77.82 1e-05
50.62 2e-05
50.63 1e-05
77.84 1e-05
122.76 1e-05
1563.29 1e-05
50.65 1e-05
204.81 1e-05
71.06 1e-05
15.90 5e-05
77.88 1e-05
15.91 5e-05
50.68 1e-05
36.30 1e-05
36.31 2e-05
15.92 5e-05
36.32 2e-05
36.33 2e-05
15.94 6e-05
204.87 1e-05
15.95 5e-05
342.07 1e-05
15.96 4e-05
36.35 2e-05
15.97 5e-05
36.36 4e-05
36.37 2e-05
15.98 3e-05
108.49 1e-05
15.99 1e-05
781.35 1e-05
36.39 1e-05
81.65 1e-05
81.66 1e-05
112.20 1e-05
46.90 1e-05
67.31 1e-05
9.00 7e-05
40.13 1e-05
46.94 1e-05
9.01 0.00013
46.95 6e-05
9.02 0.00022
40.15 1e-05
9.03 0.00014
46.97 1e-05
139.48 1e-05
112.28 1e-05
9.04 8e-05
40.17 1e-05
9.05 0.00013
67.38 1e-05
40.18 2e-05
9.06 0.00016
40.19 2e-05
9.07 0.0001
9.08 0.0001
9.09 7e-05
50.70 1e-05
77.91 1e-05
77.92 1e-05
266.86 1e-05
50.75 1e-05
225.30 1e-05
71.15 1e-05
50.77 1e-05
108.52 1e-05
36.40 1e-05
204.93 1e-05
98.38 1e-05
36.41 1e-05
36.43 1e-05
108.57 1e-05
108.58 1e-05
36.46 1e-05
36.48 1e-05
36.49 1e-05
2762.34 1e-05
153.80 2e-05
174.20 1e-05
81.70 1e-05
81.75 1e-05
379.91 1e-05
139.51 1e-05
112.31 1e-05
67.40 1e-05
67.41 1e-05
9.10 5e-05
40.22 1e-05
67.43 1e-05
40.23 1e-05
9.11 0.00014
40.24 1e-05
9.12 0.0001
67.45 1e-05
9.13 0.00011
40.26 1e-05
9.14 0.00011
9.15 8e-05
40.28 1e-05
9.16 8e-05
67.49 1e-05
9.17 0.00016
9.18 0.00014
9.19 0.00011
50.80 1e-05
50.81 1e-05
143.32 1e-05
98.40 1e-05
50.82 2e-05
98.41 1e-05
122.94 2e-05
98.42 1e-05
50.86 1e-05
98.45 1e-05
50.88 2e-05
50.89 2e-05
36.51 2e-05
98.49 1e-05
36.53 2e-05
36.54 1e-05
36.55 1e-05
36.56 1e-05
307.51 1e-05
36.57 1e-05
36.58 2e-05
36.59 1e-05
966.11 1e-05
153.91 1e-05
81.80 1e-05
174.34 1e-05
153.96 1e-05
112.40 1e-05
112.41 1e-05
153.99 1e-05
40.30 1e-05
81.88 1e-05
9.20 0.00013
40.33 1e-05
9.21 0.0001
67.54 1e-05
139.66 1e-05
40.34 2e-05
9.22 0.00014
40.35 1e-05
67.55 1e-05
9.23 9e-05
311.30 1e-05
67.56 1e-05
9.24 0.0001
9.25 0.0001
112.49 1e-05
40.37 1e-05
40.38 1e-05
26.00 3e-05
9.26 0.00012
67.58 1e-05
9.27 0.00012
26.01 1e-05
26.02 2e-05
9.28 0.00011
338.56 1e-05
9.29 9e-05
26.04 4e-05
26.05 4e-05
26.06 2e-05
26.07 4e-05
26.08 2e-05
26.09 3e-05
654.29 1e-05
184.94 1e-05
184.96 1e-05
50.90 1e-05
98.50 2e-05
50.91 1e-05
3237.39 1e-05
50.96 1e-05
98.56 1e-05
287.48 1e-05
36.61 1e-05
50.99 1e-05
36.62 1e-05
71.39 1e-05
36.63 2e-05
36.64 1e-05
57.03 1e-05
36.65 2e-05
57.05 1e-05
36.66 2e-05
36.68 2e-05
36.69 1e-05
307.64 1e-05
1477.73 1e-05
81.94 1e-05
81.95 1e-05
139.70 1e-05
112.52 1e-05
81.99 1e-05
40.41 1e-05
9.30 0.0001
9.31 7e-05
40.43 2e-05
9.32 9e-05
256.57 1e-05
40.45 2e-05
112.57 1e-05
9.33 7e-05
139.78 1e-05
40.46 2e-05
9.34 8e-05
215.01 1e-05
139.79 1e-05
9.35 9e-05
40.48 2e-05
26.10 3e-05
9.36 0.00011
40.49 2e-05
9.37 0.00016
26.12 2e-05
9.38 0.00011
9.39 0.0001
26.15 1e-05
26.16 3e-05
26.18 1e-05
26.19 3e-05
129.12 1e-05
98.61 1e-05
108.81 1e-05
102.01 1e-05
129.18 1e-05
102.02 1e-05
36.71 2e-05
102.04 1e-05
36.73 1e-05
36.75 2e-05
246.07 1e-05
57.15 2e-05
36.76 1e-05
57.16 1e-05
36.77 1e-05
102.08 2e-05
57.17 1e-05
36.78 2e-05
36.79 1e-05
112.60 1e-05
139.81 1e-05
40.50 3e-05
88.10 1e-05
40.52 2e-05
9.40 0.00012
9.41 8e-05
139.86 1e-05
9.42 0.00013
40.55 3e-05
9.43 3e-05
9.44 0.00021
40.57 1e-05
9.45 8e-05
40.58 1e-05
26.20 2e-05
9.46 6e-05
40.59 1e-05
26.21 5e-05
9.47 0.0001
1930.51 1e-05
311.55 1e-05
9.48 0.0001
26.23 1e-05
9.49 0.00012
26.24 3e-05
215.16 1e-05
26.25 3e-05
1165.91 1e-05
26.26 3e-05
26.27 1e-05
26.28 1e-05
26.29 4e-05
143.62 1e-05
143.65 1e-05
71.54 1e-05
98.74 1e-05
98.75 1e-05
98.76 1e-05
36.80 1e-05
102.11 1e-05
36.81 3e-05
30.00 2e-05
57.20 1e-05
102.12 1e-05
30.01 2e-05
57.21 1e-05
36.83 1e-05
30.02 1e-05
108.95 1e-05
225.75 1e-05
30.03 4e-05
36.84 3e-05
108.97 1e-05
30.04 1e-05
36.85 1e-05
36.86 1e-05
30.05 2e-05
36.87 2e-05
30.06 4e-05
30.07 3e-05
36.88 1e-05
57.27 1e-05
30.08 1e-05
57.28 1e-05
30.09 2e-05
57.29 1e-05
623.51 1e-05
767.53 2e-05
291.47 1e-05
256.72 2e-05
40.60 1e-05
40.61 1e-05
88.21 1e-05
67.82 1e-05
61.01 1e-05
9.50 6e-05
61.02 1e-05
88.22 1e-05
9.51 0.00011
9.52 0.0001
67.85 1e-05
9.53 5e-05
112.77 1e-05
40.65 2e-05
215.20 1e-05
139.98 1e-05
9.54 0.00011
88.26 1e-05
139.99 1e-05
40.67 2e-05
9.55 6e-05
40.68 1e-05
9.56 0.00012
26.30 1e-05
26.31 2e-05
9.57 8e-05
26.32 1e-05
9.58 0.00018
26.33 2e-05
9.59 0.00013
26.34 1e-05
26.35 2e-05
26.36 1e-05
26.37 4e-05
26.38 2e-05
26.39 1e-05
537.79 1e-05
1309.03 1e-05
164.12 1e-05
71.62 1e-05
71.66 1e-05
98.86 1e-05
36.90 3e-05
30.10 1e-05
36.91 1e-05
328.22 1e-05
71.69 1e-05
102.23 1e-05
36.92 2e-05
30.11 1e-05
36.93 1e-05
57.32 1e-05
369.86 1e-05
30.13 1e-05
57.33 1e-05
30.14 1e-05
36.95 3e-05
30.15 1e-05
36.96 1e-05
30.16 2e-05
57.38 2e-05
36.99 3e-05
30.19 2e-05
506.85 1e-05
609.25 2e-05
705.75 1e-05
112.80 2e-05
133.20 1e-05
40.70 1e-05
133.22 1e-05
112.83 1e-05
9.60 0.0001
67.93 1e-05
9.61 9e-05
112.86 1e-05
9.62 7e-05
40.75 1e-05
9.63 7e-05
40.76 2e-05
9.64 0.00016
277.27 1e-05
9.65 0.00014
67.97 1e-05
455.73 1e-05
40.78 1e-05
26.40 3e-05
9.66 4e-05
9.67 9e-05
26.41 1e-05
61.18 1e-05
9.68 8e-05
61.19 1e-05
9.69 0.00014
476.15 1e-05
26.44 3e-05
215.38 1e-05
26.46 4e-05
26.47 3e-05
26.49 1e-05
6670.41 1e-05
71.70 1e-05
71.71 1e-05
98.95 1e-05
6752.58 1e-05
71.77 1e-05
92.16 1e-05
71.78 1e-05
57.40 1e-05
246.33 1e-05
30.22 2e-05
57.42 1e-05
369.96 1e-05
30.24 1e-05
102.38 1e-05
30.26 3e-05
30.27 2e-05
57.47 1e-05
30.29 1e-05
174.80 1e-05
195.21 1e-05
174.83 1e-05
1635.43 1e-05
40.80 1e-05
61.20 1e-05
40.81 1e-05
61.21 1e-05
9.70 0.0001
61.22 1e-05
40.83 2e-05
9.71 7e-05
61.23 1e-05
9.72 5e-05
40.84 1e-05
40.85 1e-05
9.73 0.00012
40.86 2e-05
9.74 7e-05
40.87 2e-05
9.75 0.00015
250.19 1e-05
40.88 1e-05
26.50 2e-05
9.76 0.00013
26.51 2e-05
9.77 8e-05
9.78 0.00012
26.53 3e-05
558.25 1e-05
9.79 8e-05
593.06 1e-05
26.55 1e-05
26.56 4e-05
26.57 2e-05
26.59 2e-05
839.28 1e-05
260.71 1e-05
129.51 1e-05
260.72 1e-05
287.92 1e-05
129.53 1e-05
164.33 1e-05
71.84 1e-05
71.85 2e-05
92.26 1e-05
57.50 1e-05
30.30 2e-05
92.28 1e-05
30.31 2e-05
30.32 4e-05
30.33 1e-05
102.47 2e-05
30.35 1e-05
30.36 1e-05
57.56 1e-05
102.49 1e-05
30.37 1e-05
57.58 3e-05
30.39 3e-05
174.92 1e-05
174.94 1e-05
195.38 1e-05
40.91 1e-05
40.92 2e-05
9.80 0.00015
119.03 1e-05
40.93 2e-05
9.81 0.00013
3.00 0.00058
9.82 0.0001
3.01 0.00076
133.46 1e-05
40.95 2e-05
9.83 0.00011
3.02 0.00066
61.35 1e-05
9.84 0.0001
3.03 0.0007
9.85 0.00013
3.04 0.00073
40.98 1e-05
26.60 1e-05
9.86 0.00015
3.05 0.00067
40.99 1e-05
9.87 0.0001
3.06 0.00059
61.39 1e-05
26.62 4e-05
9.88 8e-05
3.07 0.00067
26.63 3e-05
9.89 6e-05
3.08 0.0007
26.64 2e-05
3.09 0.00066
26.65 2e-05
26.67 3e-05
26.68 3e-05
129.62 1e-05
92.30 2e-05
71.91 1e-05
71.92 2e-05
71.94 2e-05
71.95 2e-05
589.33 1e-05
30.41 2e-05
16.00 3e-05
246.53 1e-05
102.53 1e-05
30.42 1e-05
328.54 1e-05
16.01 6e-05
16.02 3e-05
57.63 1e-05
30.43 1e-05
16.03 5e-05
246.56 1e-05
301.40 1e-05
30.45 2e-05
16.04 7e-05
102.58 1e-05
16.05 8e-05
102.59 1e-05
30.47 1e-05
16.06 1e-05
57.67 1e-05
30.48 3e-05
16.07 5e-05
16.08 3e-05
16.09 3e-05
250.30 1e-05
119.11 1e-05
61.40 1e-05
47.00 1e-05
61.41 1e-05
9.90 6e-05
9.91 8e-05
3.10 0.00062
61.43 1e-05
119.14 2e-05
9.92 4e-05
3.11 0.00063
61.44 1e-05
47.03 2e-05
9.93 6e-05
3.12 0.00062
359.57 1e-05
88.65 1e-05
47.04 1e-05
9.94 4e-05
3.13 0.00059
61.46 1e-05
9.95 0.0001
3.14 0.00057
47.06 1e-05
133.59 1e-05
61.47 1e-05
9.96 5e-05
3.15 0.00063
250.39 1e-05
26.70 1e-05
26.71 3e-05
47.07 1e-05
9.97 9e-05
3.16 0.00063
26.72 2e-05
61.49 1e-05
9.98 7e-05
3.17 0.00071
26.73 2e-05
9.99 5e-05
3.18 0.00056
3.19 0.00054
26.74 1e-05
26.76 5e-05
26.77 1e-05
26.78 4e-05
1549.88 1e-05
78.03 1e-05
260.98 1e-05
102.61 1e-05
57.70 2e-05
57.71 1e-05
30.51 2e-05
16.10 9e-05
16.11 4e-05
30.52 2e-05
30.53 2e-05
246.65 1e-05
16.12 5e-05
16.13 3e-05
541.90 1e-05
30.54 1e-05
16.14 8e-05
102.68 1e-05
16.15 7e-05
30.57 1e-05
57.77 1e-05
16.16 1e-05
57.78 1e-05
16.17 4e-05
30.59 1e-05
16.18 7e-05
527.55 1e-05
16.19 9e-05
291.91 1e-05
394.40 1e-05
61.51 1e-05
394.43 1e-05
133.64 1e-05
88.72 1e-05
3.20 0.00068
88.73 1e-05
47.12 1e-05
3.21 0.00053
61.54 1e-05
3.22 0.00053
47.14 2e-05
3.23 0.00041
3.24 0.00063
61.57 1e-05
47.16 3e-05
3.25 0.00064
26.80 4e-05
20.00 2e-05
26.81 1e-05
47.17 2e-05
3.26 0.00055
20.01 6e-05
3.27 0.00053
47.19 1e-05
1063.23 1e-05
20.02 3e-05
3.28 0.00066
26.83 2e-05
20.03 3e-05
3.29 0.00066
20.04 2e-05
26.85 2e-05
26.86 2e-05
20.05 3e-05
20.06 2e-05
26.87 3e-05
20.07 2e-05
26.88 2e-05
26.89 2e-05
20.08 1e-05
20.09 1e-05
78.10 1e-05
14274.04 1e-05
92.53 1e-05
164.65 1e-05
129.86 1e-05
123.05 1e-05
78.13 2e-05
92.55 1e-05
102.70 1e-05
123.07 1e-05
30.60 1e-05
129.89 1e-05
57.81 1e-05
30.61 1e-05
51.00 1e-05
16.20 8e-05
51.01 1e-05
92.59 1e-05
16.21 3e-05
16.22 6e-05
57.83 2e-05
78.19 1e-05
30.63 3e-05
30.64 2e-05
16.23 4e-05
16.24 6e-05
51.04 1e-05
30.66 3e-05
16.25 3e-05
51.05 3e-05
51.06 1e-05
30.67 2e-05
16.26 6e-05
30.68 1e-05
16.27 4e-05
51.07 1e-05
57.89 1e-05
16.28 3e-05
16.29 3e-05
195.62 1e-05
82.00 1e-05
88.82 3e-05
3.30 0.00063
133.74 1e-05
3.31 0.00054
47.22 1e-05
47.23 1e-05
88.84 1e-05
3.32 0.0007
3.33 0.00045
3.34 0.00058
61.66 1e-05
47.25 1e-05
88.87 2e-05
26.90 4e-05
3.35 0.00044
215.82 1e-05
82.06 1e-05
26.91 2e-05
20.10 1e-05
3.36 0.0005
215.83 1e-05
20.11 1e-05
26.92 2e-05
3.37 0.00049
47.28 1e-05
20.12 1e-05
3.38 0.00059
26.93 1e-05
20.13 4e-05
3.39 0.00058
26.94 1e-05
579.05 1e-05
20.14 3e-05
20.15 2e-05
20.16 2e-05
20.17 3e-05
26.99 2e-05
20.18 2e-05
20.19 1e-05
164.70 1e-05
267.11 1e-05
78.21 1e-05
267.15 1e-05
164.76 1e-05
30.70 1e-05
78.26 1e-05
30.71 2e-05
51.10 1e-05
16.30 4e-05
16.31 6e-05
19881.65 1e-05
78.29 1e-05
16.32 2e-05
30.73 3e-05
51.13 1e-05
30.74 2e-05
16.33 5e-05
57.94 1e-05
30.75 1e-05
57.95 1e-05
51.14 2e-05
19641.26 1e-05
16.34 3e-05
57.96 1e-05
16.35 2e-05
30.77 2e-05
102.89 1e-05
16.36 5e-05
16.37 2e-05
30.78 3e-05
16.38 4e-05
57.99 1e-05
30.79 4e-05
16.39 3e-05
603.06 1e-05
195.74 1e-05
3461.34 1e-05
195.76 1e-05
133.81 1e-05
1773.13 1e-05
47.30 1e-05
119.43 2e-05
47.31 1e-05
3.40 0.00046
119.44 1e-05
88.93 1e-05
3.41 0.00051
1738.41 1e-05
82.13 1e-05
3.42 0.00059
82.14 1e-05
3.43 0.00038
133.88 1e-05
3.44 0.00062
88.97 1e-05
47.36 1e-05
61.77 1e-05
3.45 0.00048
119.49 1e-05
20.20 2e-05
47.37 2e-05
3.46 0.00065
82.18 1e-05
318.33 1e-05
20.21 4e-05
3.47 0.00055
20.22 2e-05
47.39 3e-05
3.48 0.00059
332.76 1e-05
20.23 3e-05
3.49 0.00056
20.24 5e-05
215.98 1e-05
20.25 2e-05
435.18 1e-05
20.26 4e-05
20.29 2e-05
1104.04 1e-05
123.20 1e-05
78.33 1e-05
46360.58 1e-05
78.34 1e-05
384.06 1e-05
92.76 1e-05
78.36 2e-05
16.40 2e-05
363.73 1e-05
30.81 1e-05
480.53 1e-05
16.41 3e-05
51.21 1e-05
30.83 1e-05
51.22 1e-05
16.42 4e-05
30.84 1e-05
16.43 6e-05
102.97 1e-05
30.85 1e-05
16.44 2e-05
51.25 1e-05
16.45 4e-05
30.86 3e-05
30.87 3e-05
16.46 2e-05
102.99 1e-05
16.47 1e-05
30.89 1e-05
16.48 6e-05
16.49 1e-05
1114.62 1e-05
1135.02 1e-05
119.50 1e-05
61.80 1e-05
82.20 1e-05
61.81 1e-05
3.50 0.00054
3.51 0.0005
47.43 1e-05
3.52 0.00049
61.85 1e-05
3.53 0.00057
47.45 1e-05
3.54 0.00047
61.87 1e-05
3.55 0.00061
61.88 1e-05
20.30 1e-05
236.39 1e-05
47.47 1e-05
3.56 0.00054
47.48 2e-05
20.31 2e-05
3.57 0.00049
47.49 1e-05
82.29 2e-05
3.58 0.0005
20.32 2e-05
20.33 2e-05
3.59 0.00065
20.34 1e-05
20.35 4e-05
435.28 1e-05
20.36 1e-05
20.37 3e-05
20.38 5e-05
20.39 3e-05
281.70 1e-05
92.82 1e-05
281.75 1e-05
78.42 2e-05
123.35 1e-05
267.35 1e-05
78.44 1e-05
92.85 1e-05
30.90 3e-05
16.50 1e-05
30.91 2e-05
30.92 1e-05
16.51 2e-05
51.31 1e-05
30.93 1e-05
16.52 3e-05
16.53 4e-05
205.46 1e-05
16.54 5e-05
109.06 1e-05
30.96 2e-05
16.55 7e-05
16.56 1e-05
51.36 1e-05
30.97 2e-05
521.12 1e-05
16.57 3e-05
51.38 1e-05
16.58 4e-05
16.59 3e-05
154.34 1e-05
195.96 1e-05
61.90 1e-05
3.60 0.00052
119.63 1e-05
47.52 1e-05
119.64 1e-05
3.61 0.00042
3.62 0.00053
3.63 0.00057
119.67 1e-05
3.64 0.00047
47.56 1e-05
3.65 0.00043
61.98 1e-05
47.57 1e-05
318.52 1e-05
119.69 1e-05
1711.45 1e-05
3.66 0.00051
20.40 2e-05
3.67 0.00047
20.41 4e-05
20.42 3e-05
3.68 0.00041
3.69 0.00058
20.43 3e-05
20.44 1e-05
20.45 1e-05
20.46 4e-05
20.47 4e-05
20.48 2e-05
185.32 1e-05
78.50 1e-05
92.94 1e-05
51.40 1e-05
16.60 3e-05
16.61 5e-05
109.13 1e-05
51.42 1e-05
78.59 1e-05
16.62 3e-05
16.63 1e-05
51.43 1e-05
16.64 5e-05
37.03 1e-05
37.04 2e-05
51.45 1e-05
16.65 1e-05
109.16 1e-05
16.66 6e-05
51.46 1e-05
37.06 2e-05
16.67 6e-05
37.07 1e-05
16.68 4e-05
51.48 2e-05
37.08 1e-05
16.69 5e-05
51.49 1e-05
308.09 1e-05
802.20 1e-05
47.60 1e-05
3.70 0.00049
3.71 0.00043
236.54 1e-05
119.74 1e-05
47.62 2e-05
47.63 1e-05
3.72 0.00047
82.43 2e-05
68.03 1e-05
3.73 0.00044
68.04 2e-05
3.74 0.0004
47.65 1e-05
250.99 1e-05
3.75 0.00044
68.06 1e-05
20.50 3e-05
3.76 0.0005
20.51 2e-05
82.48 1e-05
3.77 0.0004
68.08 1e-05
3.78 0.00038
20.52 4e-05
20.53 1e-05
3.79 0.00046
20.54 3e-05
20.55 2e-05
20.56 2e-05
20.57 2e-05
20.58 2e-05
20.59 3e-05
991.61 1e-05
99.01 1e-05
78.62 1e-05
123.56 1e-05
78.64 1e-05
99.03 1e-05
16.70 3e-05
37.10 1e-05
16.71 5e-05
16.72 2e-05
99.08 1e-05
37.11 3e-05
99.09 1e-05
16.73 7e-05
16.74 2e-05
16.75 4e-05
51.55 1e-05
37.14 3e-05
16.76 3e-05
51.56 1e-05
51.57 1e-05
782.12 1e-05
16.77 4e-05
37.17 1e-05
16.78 5e-05
16.79 1e-05
37.19 2e-05
5135.59 1e-05
2293.72 1e-05
119.80 1e-05
113.00 1e-05
47.71 1e-05
3.80 0.00042
119.84 1e-05
47.72 1e-05
3.81 0.00051
3.82 0.00057
47.74 1e-05
3.83 0.00041
68.13 3e-05
82.55 1e-05
3.84 0.00039
3.85 0.00048
20.60 2e-05
3.86 0.00046
470.29 1e-05
20.61 3e-05
47.78 1e-05
3.87 0.00043
82.59 1e-05
3769.94 1e-05
20.62 5e-05
3.88 0.00043
20.63 6e-05
3.89 0.00045
20.64 7e-05
20.65 4e-05
20.66 1e-05
20.67 3e-05
20.68 3e-05
20.69 2e-05
3018.72 1e-05
185.58 1e-05
78.71 1e-05
144.06 1e-05
99.14 1e-05
16.80 4e-05
288.08 1e-05
226.12 1e-05
51.61 1e-05
37.20 2e-05
16.81 4e-05
10.00 0.00011
78.79 1e-05
10.01 0.00012
51.63 1e-05
16.83 3e-05
10.02 0.00013
16.84 2e-05
10.03 0.00011
37.23 2e-05
37.24 2e-05
16.85 7e-05
10.04 0.00013
51.65 2e-05
16.86 4e-05
10.05 6e-05
16.87 3e-05
10.06 8e-05
37.26 1e-05
16.88 3e-05
10.07 9e-05
109.39 1e-05
37.27 3e-05
37.28 2e-05
10.08 7e-05
10.09 8e-05
1252.23 1e-05
720.35 1e-05
175.00 1e-05
298.64 1e-05
271.47 1e-05
175.08 1e-05
298.69 1e-05
47.81 1e-05
41.00 2e-05
3.90 0.00045
41.01 3e-05
3.91 0.00054
41.02 1e-05
3.92 0.0005
82.64 1e-05
113.15 1e-05
3.93 0.00039
68.24 1e-05
41.04 2e-05
3.94 0.00041
119.98 1e-05
3.95 0.00041
68.25 1e-05
47.87 1e-05
41.06 2e-05
3.96 0.00047
20.70 2e-05
113.19 1e-05
3.97 0.00034
20.71 5e-05
68.28 1e-05
3.98 0.00035
20.72 7e-05
41.09 1e-05
3.99 0.00049
20.74 2e-05
20.75 3e-05
20.76 3e-05
20.78 2e-05
267.70 1e-05
78.80 1e-05
240.54 1e-05
72.02 1e-05
72.04 1e-05
99.25 1e-05
78.87 1e-05
51.70 1e-05
99.26 1e-05
16.90 4e-05
226.22 1e-05
16.91 7e-05
10.10 0.0001
51.71 1e-05
78.88 1e-05
72.08 1e-05
10.11 0.00015
16.92 6e-05
51.73 1e-05
16.93 1e-05
10.12 5e-05
16.94 3e-05
37.33 2e-05
51.74 1e-05
10.13 9e-05
16.95 4e-05
10.14 0.00012
10.15 7e-05
16.96 3e-05
37.36 2e-05
51.77 2e-05
16.97 4e-05
10.16 9e-05
10.17 8e-05
51.78 2e-05
16.98 5e-05
16.99 2e-05
10.18 9e-05
37.38 2e-05
10.19 0.00011
175.14 1e-05
353.61 1e-05
175.17 1e-05
82.70 1e-05
41.10 2e-05
47.92 1e-05
68.33 1e-05
47.94 1e-05
82.75 1e-05
47.95 2e-05
41.15 3e-05
47.96 1e-05
41.16 1e-05
47.98 3e-05
41.17 1e-05
41.18 1e-05
47.99 1e-05
20.84 3e-05
20.86 1e-05
20.88 3e-05
20.89 2e-05
1248.61 1e-05
185.78 1e-05
72.10 2e-05
144.24 1e-05
72.14 1e-05
72.17 1e-05
37.40 2e-05
226.32 1e-05
10.20 9e-05
10.21 6e-05
37.41 2e-05
51.82 1e-05
37.42 1e-05
349.95 1e-05
72.19 1e-05
10.22 0.0001
51.83 1e-05
51.84 1e-05
10.23 9e-05
37.44 2e-05
10.24 7e-05
51.86 1e-05
10.25 9e-05
51.87 1e-05
10.26 9e-05
10.27 8e-05
37.48 2e-05
10.28 0.00011
37.49 2e-05
10.29 0.00011
2303.62 1e-05
41.23 1e-05
41.24 3e-05
82.86 1e-05
20.90 1e-05
20.91 2e-05
20.92 3e-05
41.29 1e-05
20.93 4e-05
20.94 2e-05
20.95 2e-05
20.96 2e-05
20.97 1e-05
20.98 4e-05
2437.05 1e-05
20.99 3e-05
267.91 1e-05
144.31 1e-05
99.43 1e-05
72.24 1e-05
51.90 2e-05
267.99 1e-05
144.39 1e-05
10.30 9e-05
51.92 1e-05
10.31 0.00012
10.32 5e-05
10.33 0.00011
109.66 1e-05
10.34 5e-05
37.55 1e-05
51.96 1e-05
10.35 6e-05
665.71 1e-05
37.56 1e-05
10.36 0.00012
51.98 3e-05
10.37 9e-05
37.58 1e-05
10.38 6e-05
10.39 7e-05
308.58 1e-05
292.14 1e-05
113.41 1e-05
292.19 1e-05
68.50 1e-05
41.30 5e-05
41.31 4e-05
68.51 1e-05
41.32 1e-05
41.33 2e-05
113.46 1e-05
41.35 2e-05
41.36 2e-05
48689.92 1e-05
68.57 1e-05
41.38 1e-05
27.00 1e-05
68.59 1e-05
27.01 2e-05
27.02 2e-05
27.03 2e-05
27.04 1e-05
27.05 3e-05
27.06 1e-05
27.08 1e-05
185.92 1e-05
1125.29 1e-05
72.30 1e-05
72.31 1e-05
72.34 2e-05
109.71 1e-05
37.60 1e-05
10.40 9e-05
10.41 7e-05
37.61 1e-05
58.00 2e-05
10.42 8e-05
37.62 2e-05
58.01 1e-05
10.43 0.00014
37.64 1e-05
10.44 0.0001
343.36 1e-05
10.45 7e-05
109.77 1e-05
37.66 1e-05
10.46 9e-05
109.78 1e-05
460.18 1e-05
58.06 1e-05
10.47 7e-05
109.79 1e-05
37.68 1e-05
10.48 3e-05
10.49 6e-05
58.09 2e-05
113.50 1e-05
41.43 1e-05
68.63 1e-05
1876.52 1e-05
41.45 2e-05
696.84 1e-05
27.10 2e-05
89.08 1e-05
27.11 1e-05
312.44 1e-05
41.49 1e-05
68.69 1e-05
27.12 1e-05
27.14 3e-05
27.15 1e-05
27.16 4e-05
27.17 5e-05
27.18 1e-05
27.19 2e-05
1125.32 1e-05
72.42 1e-05
384.96 1e-05
72.44 3e-05
72.46 1e-05
460.21 1e-05
37.70 2e-05
10.50 0.00014
72.48 1e-05
37.71 1e-05
109.83 1e-05
10.51 8e-05
247.02 1e-05
10.52 0.00011
37.72 2e-05
460.25 1e-05
109.85 1e-05
10.53 0.0001
10.54 9e-05
58.14 1e-05
10.55 0.0001
37.75 1e-05
226.68 1e-05
58.15 1e-05
103.07 1e-05
10.56 0.0001
4355.30 1e-05
10.57 6e-05
58.17 1e-05
10.58 7e-05
103.09 1e-05
58.18 1e-05
37.79 2e-05
10.59 0.00011
175.57 1e-05
113.63 2e-05
68.71 1e-05
89.10 1e-05
41.51 1e-05
68.72 1e-05
41.52 1e-05
41.53 2e-05
41.54 2e-05
89.15 1e-05
41.56 1e-05
41.57 1e-05
89.17 1e-05
41.58 1e-05
27.20 1e-05
89.18 1e-05
41.59 1e-05
68.79 1e-05
27.21 3e-05
27.22 3e-05
27.25 3e-05
27.28 2e-05
27.29 1e-05
99.73 1e-05
72.57 1e-05
37.80 1e-05
10.60 8e-05
58.20 1e-05
109.93 1e-05
37.81 2e-05
31.00 4e-05
10.61 0.0001
31.01 1e-05
10.62 4e-05
58.21 3e-05
37.83 4e-05
31.02 2e-05
10.63 0.00012
58.23 1e-05
10.64 6e-05
109.96 2e-05
37.85 1e-05
10.65 8e-05
31.04 3e-05
103.17 1e-05
31.05 2e-05
10.66 3e-05
31.06 3e-05
10.67 8e-05
37.88 2e-05
31.07 2e-05
58.27 1e-05
10.68 4e-05
58.28 1e-05
37.89 2e-05
31.08 2e-05
10.69 9e-05
569.65 1e-05
58.29 1e-05
31.09 1e-05
528.14 1e-05
68.82 1e-05
113.74 1e-05
41.62 1e-05
62.02 1e-05
68.83 1e-05
62.03 1e-05
41.65 1e-05
41.66 1e-05
62.06 1e-05
68.87 1e-05
41.67 2e-05
134.19 1e-05
62.07 1e-05
68.89 1e-05
89.28 1e-05
456.64 1e-05
41.69 2e-05
27.31 2e-05
27.32 2e-05
27.33 4e-05
27.34 1e-05
27.35 3e-05
27.36 5e-05
27.37 2e-05
27.39 2e-05
538.77 1e-05
144.71 1e-05
4509.14 1e-05
343.62 1e-05
10.70 4e-05
58.30 1e-05
10.71 0.0001
37.91 2e-05
31.11 1e-05
99.89 1e-05
37.92 1e-05
93.08 1e-05
10.72 6e-05
247.24 1e-05
10.73 8e-05
37.93 1e-05
31.12 1e-05
58.33 1e-05
31.13 2e-05
37.94 1e-05
10.74 0.00013
1866.22 1e-05
58.34 1e-05
10.75 9e-05
343.67 1e-05
31.15 1e-05
37.96 1e-05
10.76 0.0001
58.36 2e-05
10.77 6e-05
31.16 2e-05
37.97 3e-05
31.17 1e-05
10.78 8e-05
37.99 1e-05
10.79 0.00012
31.19 2e-05
686.58 1e-05
196.13 1e-05
374.60 1e-05
113.80 1e-05
278.20 1e-05
113.81 2e-05
41.70 1e-05
68.90 2e-05
89.30 1e-05
41.72 1e-05
230.65 1e-05
41.73 2e-05
41.74 2e-05
89.33 1e-05
62.14 1e-05
41.75 1e-05
89.35 1e-05
41.76 1e-05
62.15 1e-05
41.77 1e-05
27.40 1e-05
41.79 1e-05
27.41 2e-05
62.18 2e-05
89.39 1e-05
27.42 5e-05
27.43 1e-05
27.44 3e-05
27.45 1e-05
27.48 3e-05
282.00 1e-05
99.92 1e-05
72.73 1e-05
144.85 1e-05
72.74 1e-05
93.13 1e-05
99.95 1e-05
165.26 1e-05
226.91 1e-05
72.77 1e-05
10.80 0.0001
72.78 1e-05
10.81 8e-05
31.20 2e-05
460.54 1e-05
10.82 8e-05
103.34 1e-05 10²
10.83 6e-05
10.84 3e-05
31.23 1e-05
10.85 0.00013
31.24 2e-05
10.86 9e-05
10.87 0.0001
31.27 1e-05
58.47 1e-05
10.88 0.00012
58.48 2e-05
10.89 0.00012 10
31.28 3e-05
31.29 1e-05
262238.56 1e-05 10⁵
41.80 1e-05
62.20 2e-05
41.82 1e-05
134.33 1e-05
113.95 1e-05
41.83 1e-05
89.42 1e-05
134.34 1e-05
41.85 1e-05
62.24 1e-05
251.17 1e-05
113.99 1e-05
62.26 1e-05
216.42 1e-05
27.51 2e-05
41.89 1e-05
27.52 2e-05
27.53 2e-05
594.05 1e-05
676.11 1e-05
27.56 2e-05
27.58 2e-05
27.59 3e-05
144.90 1e-05
261.71 1e-05
261.74 1e-05
72.83 2e-05
93.24 1e-05
10.90 4e-05
72.88 1e-05
10.91 8e-05
10.92 9e-05
31.32 2e-05
10.93 6e-05
58.52 1e-05
31.33 2e-05
10.94 5e-05
58.53 1e-05
9249.02 1e-05
10.95 9e-05
31.35 1e-05
58.55 1e-05
10.96 0.00011
103.48 1e-05
31.36 2e-05
10.97 0.0001
31.37 1e-05
10.98 0.00011
446.33 1e-05
10.99 4e-05
31.38 2e-05
17.00 6e-05
31.39 1e-05
17.01 5e-05
17.02 6e-05
17.03 3e-05
17.04 4e-05
17.05 1e-05
17.06 5e-05
17.07 9e-05
17.08 5e-05
17.09 3e-05
41.90 1e-05
41.91 1e-05
62.31 1e-05
41.93 1e-05
4.00 0.00046
41.94 2e-05
4.01 0.00047
89.54 2e-05
4.02 0.00045
4.03 0.00048
4.04 0.00043
27.60 2e-05
4.05 0.00047
41.99 3e-05
4.06 0.00036
48.01 1e-05
4.07 0.00036
48.02 1e-05
27.63 4e-05
4.08 0.00044
27.64 4e-05
4.09 0.00055
27.65 2e-05
27.66 3e-05
27.67 2e-05
48.06 1e-05
48.07 2e-05
72.90 1e-05
93.30 1e-05
93.32 1e-05
72.94 1e-05
165.45 1e-05
72.95 1e-05
72.96 1e-05
103.51 1e-05
72.97 1e-05
31.40 1e-05
31.41 3e-05
2146.26 1e-05
31.42 3e-05
79.01 1e-05
31.43 3e-05
31.44 1e-05
79.03 1e-05
31.45 1e-05
79.04 1e-05
31.46 1e-05
247.58 2e-05
79.06 1e-05
103.59 1e-05
58.67 1e-05
17.10 2e-05
31.48 1e-05
31.49 3e-05
17.11 5e-05
58.69 2e-05
79.08 1e-05
17.12 2e-05
17.13 1e-05
446.47 1e-05
17.14 3e-05
17.15 6e-05
17.16 7e-05
17.17 1e-05
17.18 3e-05
17.19 5e-05
809.51 1e-05
3345.28 1e-05
4.10 0.00045
134.55 2e-05
4.11 0.00035
230.97 1e-05
62.44 2e-05
4.12 0.00038
230.98 1e-05
4.13 0.00048
4.14 0.00036
62.47 1e-05
4.15 0.00033
62.48 2e-05
89.68 1e-05
4.16 0.00033
48.11 1e-05
27.72 1e-05
4146.43 1e-05
4.17 0.00027
27.73 1e-05
333.45 1e-05
48.12 2e-05
4.18 0.00033
4.19 0.00042
415.50 1e-05
27.75 3e-05
48.15 1e-05
27.76 3e-05
216.69 1e-05
27.78 1e-05
48.17 2e-05
27.79 1e-05
559.57 1e-05
31.50 2e-05
79.10 1e-05
31.51 3e-05
58.72 3e-05
31.52 4e-05
31.53 2e-05
58.74 1e-05
103.66 1e-05
31.54 3e-05
31.56 4e-05
103.69 1e-05
58.78 1e-05
31.58 1e-05
17.20 3e-05
17.21 1e-05
17.22 3e-05
17.23 2e-05
686.97 1e-05
17.24 2e-05
17.25 6e-05
17.26 3e-05
17.27 3e-05
17.28 5e-05
17.29 3e-05
700.38 1e-05
134.63 1e-05
4.20 0.00042
4.21 0.00039
62.54 1e-05
134.66 1e-05
4.22 0.00048
4.23 0.00039
216.71 1e-05
4.24 0.00046
573.93 1e-05
27.80 1e-05
4.25 0.00038
4.26 0.00037
27.81 1e-05
21.00 2e-05
48.21 1e-05
4.27 0.00034
21.01 3e-05
27.83 2e-05
4.28 0.00035
21.02 6e-05
21.03 4e-05
4.29 0.00039
27.84 1e-05
27.85 2e-05
21.04 4e-05
27.86 4e-05
21.05 2e-05
48.25 1e-05
27.87 1e-05
21.06 1e-05
1187.91 1e-05 10³
532.42 1e-05
27.88 1e-05
21.07 4e-05
21.08 1e-05
48.28 1e-05
21.09 1e-05
48.29 1e-05
29962.42 1e-05
1242.87 1e-05
282.41 1e-05
282.43 1e-05
93.53 1e-05
282.46 1e-05
103.70 2e-05
58.80 1e-05
31.60 1e-05
31.62 1e-05
31.63 2e-05
31.65 2e-05
302.61 1e-05
79.25 1e-05
31.66 4e-05
79.26 1e-05
52.06 1e-05
31.67 2e-05
220.59 1e-05
52.07 1e-05
31.68 2e-05
17.30 3e-05
58.88 1e-05
79.28 1e-05
31.69 4e-05
17.31 7e-05
52.08 1e-05
52.09 1e-05
17.32 2e-05
17.33 4e-05
5304.08 1e-05
17.34 6e-05
17.35 5e-05
17.36 7e-05
17.37 2e-05
17.38 2e-05
17.39 1e-05
4458.59 1e-05
988.44 1e-05
278.72 1e-05
62.60 2e-05
155.12 1e-05
4.30 0.00029
89.83 1e-05
155.14 1e-05
4.31 0.00024
155.15 1e-05
4.32 0.00027
62.65 1e-05
4.33 0.00036
4.34 0.0004
89.87 1e-05
4.35 0.00034
27.90 3e-05
48.30 1e-05
21.10 1e-05
62.68 1e-05
4.36 0.00041
27.91 3e-05
4.37 0.00033
27.92 1e-05
21.11 1e-05
354.04 1e-05
21.12 4e-05
48.32 1e-05
4.38 0.00039
27.93 1e-05
27.94 1e-05
4.39 0.00038
48.34 1e-05
21.14 5e-05
27.95 1e-05
319.26 1e-05
48.35 1e-05
21.15 1e-05
27.97 1e-05
21.16 1e-05
27.98 3e-05
21.17 2e-05
21.18 2e-05
48.38 1e-05
21.19 1e-05
1441.80 1e-05
93.62 1e-05
165.75 1e-05
93.64 1e-05
282.56 1e-05
481.41 1e-05
124.21 1e-05
186.18 1e-05
220.63 1e-05
31.71 3e-05
52.11 1e-05
206.23 1e-05
103.85 1e-05
52.12 1e-05
58.93 2e-05
31.74 1e-05
58.94 2e-05
58.96 2e-05
31.76 1e-05
31.77 1e-05
17.40 5e-05
52.17 1e-05
79.37 2e-05
79.38 1e-05
52.18 1e-05
17.41 1e-05
17.42 2e-05
323.15 1e-05
17.43 4e-05
17.44 5e-05
17.45 5e-05
17.46 4e-05
17.47 3e-05
17.48 5e-05
17.49 5e-05
155.21 1e-05
196.79 1e-05
278.83 1e-05
62.71 1e-05
89.91 1e-05
62.72 3e-05
278.84 1e-05
89.92 2e-05
4.40 0.00028
1739.40 1e-05
4.41 0.00027
4.42 0.00032
83.14 1e-05
4.43 0.00031
4.44 0.0003
237.28 1e-05
319.31 1e-05
4.45 0.00032
62.78 1e-05
21.20 2e-05
4.46 0.00028
21.21 2e-05
48.41 1e-05
210.13 1e-05
4.47 0.00032
21.22 1e-05
477.75 1e-05
4.48 0.00041
48.43 1e-05
21.23 3e-05
4.49 0.00045
48.44 1e-05
21.24 4e-05
354.17 1e-05
21.25 2e-05
21.26 1e-05
48.46 1e-05
21.27 2e-05
48.47 1e-05
21.28 3e-05
21.29 4e-05
48.49 2e-05
916.01 1e-05
103.90 1e-05
103.91 1e-05
93.76 1e-05
385.07 1e-05
31.80 2e-05
93.78 1e-05
79.40 1e-05
52.20 1e-05
31.82 2e-05
79.41 1e-05
31.83 1e-05
2105.10 1e-05
52.23 1e-05
31.85 2e-05
52.24 1e-05
31.86 1e-05
31.87 2e-05
79.47 1e-05
17.50 3e-05
52.27 1e-05
31.88 1e-05
323.22 1e-05
31.89 1e-05
17.51 3e-05
52.28 2e-05
17.52 3e-05
17.53 1e-05
17.54 4e-05
17.55 2e-05
17.56 4e-05
17.57 2e-05
17.58 3e-05
17.59 4e-05
38476.98 1e-05
62.82 1e-05
83.21 1e-05
4.50 0.0003
134.95 1e-05
4.51 0.00033
4.52 0.00026
1431.49 1e-05
62.85 1e-05
395.77 1e-05
4.53 0.00026
237.37 1e-05
62.86 1e-05
4.54 0.00037
251.79 1e-05
4.55 0.00031
83.27 1e-05
4.56 0.00039
21.30 2e-05
4.57 0.00029
21.32 2e-05
4.58 0.00039
48.53 2e-05
4.59 0.00032
21.33 1e-05
48.54 1e-05
21.34 6e-05
48.55 1e-05
21.35 4e-05
21.36 3e-05
333.89 1e-05
48.57 1e-05
21.37 1e-05
21.38 2e-05
21.39 3e-05
553.19 1e-05
93.82 1e-05
165.95 1e-05
93.84 1e-05
93.86 1e-05
165.99 1e-05
31.90 3e-05
93.88 1e-05
31.91 2e-05
79.51 1e-05
52.33 1e-05
79.53 1e-05
31.94 4e-05
52.34 2e-05
52.35 1e-05
31.97 1e-05
17.60 4e-05
31.99 4e-05
17.61 1e-05
52.39 1e-05
17.62 3e-05
17.63 5e-05
17.64 3e-05
17.65 3e-05
17.66 5e-05
17.67 5e-05
17.68 1e-05
17.69 4e-05
522.25 1e-05
62.90 1e-05
4.60 0.00029
4.61 0.00037
4.62 0.00045
4.63 0.00034
4.64 0.00029
62.97 1e-05
83.36 2e-05
4.65 0.0004
155.49 1e-05
62.98 1e-05
4.66 0.00038
83.38 1e-05
4.67 0.00034
48.61 1e-05
21.42 4e-05
4.68 0.00024
4.69 0.00038
48.63 1e-05
48.64 1e-05
21.44 2e-05
48.65 1e-05
21.46 1e-05
896.02 1e-05
21.48 4e-05
48.68 1e-05
670.04 1e-05
21.49 2e-05
48.69 1e-05
1023.19 1e-05
614.96 1e-05
268.41 1e-05
1095.61 1e-05
79.60 1e-05
52.41 1e-05
93.99 2e-05
38.00 1e-05
38.03 2e-05
220.97 1e-05
52.44 2e-05
52.45 1e-05
38.04 1e-05
79.66 2e-05
52.46 1e-05
38.05 2e-05
52.47 1e-05
79.67 1e-05
17.70 4e-05
79.68 1e-05
38.07 1e-05
17.71 3e-05
405.44 1e-05
52.49 1e-05
17.72 4e-05
38.09 1e-05
17.74 2e-05
17.75 2e-05
17.76 7e-05
17.77 2e-05
645.93 1e-05
17.78 3e-05
17.79 2e-05
844.85 1e-05
190.23 1e-05
190.26 1e-05
272.31 1e-05
83.41 1e-05
920.17 1e-05
4.70 0.00041
4.71 0.00038
69.01 1e-05
4.72 0.0003
69.03 1e-05
4.73 0.00034
4.74 0.00034
83.46 1e-05
319.61 1e-05
251.99 1e-05
4.75 0.00035
48.70 1e-05
4.76 0.00025
21.50 5e-05
21.51 2e-05
69.07 2e-05
48.71 1e-05
4.77 0.00035
21.52 2e-05
4.78 0.00027
48.72 2e-05
21.53 1e-05
48.73 1e-05
4.79 0.00033
21.54 3e-05
21.55 4e-05
21.57 1e-05
12755.27 1e-05
21.58 1e-05
21.59 1e-05
20732.68 1e-05
1427.81 1e-05
385.31 1e-05
52.50 1e-05
38.10 3e-05
38.11 1e-05
52.54 1e-05
13189.64 1e-05
38.13 2e-05
227.06 1e-05
38.14 2e-05
38.15 1e-05
52.57 1e-05
17.80 3e-05
17.81 1e-05
17.82 1e-05
38.19 1e-05
17.84 3e-05
17.85 4e-05
17.86 5e-05
1150.70 1e-05
17.87 2e-05
17.88 2e-05
17.89 2e-05
1033.97 1e-05
155.63 1e-05
4.80 0.00026
4.81 0.00035
272.45 1e-05
4.82 0.00031
4.83 0.00034
4.84 0.00029
237.68 1e-05
354.51 1e-05
4.85 0.00048
21.60 3e-05
4.86 0.00032
21.61 3e-05
4.87 0.00034
69.17 1e-05
21.62 3e-05
4.88 0.00034
21.63 1e-05
48.83 2e-05
4.89 0.00029
48.84 2e-05
21.64 4e-05
21.65 2e-05
210.57 1e-05
21.66 5e-05
21.67 1e-05
48.87 1e-05
48.88 1e-05
21.68 2e-05
48.89 1e-05
21.69 5e-05
289.03 1e-05
145.05 1e-05
241.50 1e-05
145.06 1e-05
124.72 2e-05
38.20 1e-05
11.00 7e-05
52.61 1e-05
52.62 1e-05
38.21 1e-05
11.01 0.0001
227.14 1e-05
124.75 1e-05
11.02 9e-05
38.22 1e-05
11.03 7e-05
11.04 8e-05
38.24 1e-05
52.66 2e-05
38.25 1e-05
11.05 7e-05
227.17 1e-05
79.87 1e-05
17.90 3e-05
11.06 5e-05
17.91 6e-05
11.07 9e-05
52.69 2e-05
11.08 7e-05
17.93 3e-05
38.29 1e-05
11.09 0.00012
17.94 4e-05
17.95 5e-05
17.96 2e-05
17.97 2e-05
17.98 3e-05
17.99 4e-05
522.57 1e-05
299.61 1e-05
237.73 1e-05
155.73 1e-05
69.20 1e-05
4.90 0.00022
4.91 0.00038
69.22 1e-05
4.92 0.00032
83.64 1e-05
42.03 2e-05
4.93 0.00029
697.40 1e-05
83.65 1e-05
4.94 0.00017
258.17 1e-05
83.66 1e-05
4.95 0.00036
42.06 1e-05
21.70 1e-05
4.96 0.00041
69.27 1e-05
48.91 1e-05
4.97 0.00045
42.08 1e-05
48.92 1e-05
4.98 0.00023
21.72 3e-05
42.09 2e-05
4.99 0.00022
21.73 3e-05
21.74 3e-05
635.50 1e-05
21.75 1e-05
48.95 1e-05
518.71 1e-05
21.76 3e-05
21.77 1e-05
48.98 1e-05
21.79 1e-05
73.01 1e-05
186.74 1e-05
200.02 1e-05
11.10 4e-05
38.30 3e-05
38.31 1e-05
11.11 9e-05
52.73 1e-05
11.12 3e-05
73.09 1e-05
11.13 0.00011
38.33 1e-05
38.34 2e-05
11.14 8e-05
79.95 1e-05
227.26 1e-05
38.35 1e-05
11.15 2e-05
38.36 1e-05
124.89 1e-05
52.77 2e-05
79.97 1e-05
11.16 6e-05
38.37 1e-05
11.17 6e-05
11.18 4e-05
38.39 4e-05
11.19 8e-05
508.27 1e-05
176.10 1e-05
176.11 1e-05
707.15 1e-05
69.30 1e-05
42.10 1e-05
83.72 1e-05
272.64 1e-05
42.11 1e-05
155.85 1e-05
42.13 2e-05
42.15 1e-05
42.16 1e-05
237.89 1e-05
21.80 5e-05
42.17 1e-05
21.82 5e-05
42.18 1e-05
21.83 1e-05
210.75 1e-05
21.84 3e-05
21.85 1e-05
21.86 2e-05
21.87 1e-05
21.88 3e-05
21.89 3e-05
539.29 1e-05
4304.75 1e-05
145.22 1e-05
145.23 1e-05
186.86 1e-05
73.13 1e-05
5126.29 1e-05
186.89 1e-05
38.40 2e-05
73.17 1e-05
11.20 5e-05
289.29 1e-05
38.41 1e-05
52.82 1e-05
11.21 9e-05
38.42 2e-05
11.22 0.0001
11.23 6e-05
38.43 1e-05
52.85 1e-05
38.44 1e-05
323.80 1e-05
11.24 9e-05
666.61 1e-05
11.25 8e-05
38.46 2e-05
11.26 7e-05
38.47 3e-05
11.27 7e-05
52.88 2e-05
11.28 0.00012
38.48 1e-05
38.49 1e-05
2304.60 1e-05
11.29 7e-05
982.35 1e-05
625.18 1e-05
1596.30 1e-05
803.63 1e-05
299.87 1e-05
155.90 1e-05
83.81 1e-05
42.21 1e-05
42.23 3e-05
42.25 1e-05
3764.41 1e-05
21.90 4e-05
21.91 2e-05
69.47 2e-05
21.92 1e-05
42.29 1e-05
21.93 4e-05
21.95 2e-05
21.96 1e-05
21.97 3e-05
21.98 3e-05
21.99 3e-05
9610.23 1e-05
30308.25 1e-05
186.91 1e-05
4729.76 1e-05
52.90 1e-05
385.79 1e-05
7239.52 1e-05
11.30 6e-05
73.28 1e-05
52.92 2e-05
11.31 6e-05
52.93 2e-05
11.32 6e-05
38.53 1e-05
52.94 2e-05
11.33 4e-05
52.95 2e-05
11.34 0.0001
38.55 2e-05
200.27 1e-05
11.35 9e-05
52.97 2e-05
38.56 2e-05
11.36 6e-05
52.98 1e-05
11.37 6e-05
11.38 7e-05
38.58 1e-05
11.39 0.00013
543.15 1e-05
824.10 1e-05
190.79 1e-05
114.41 1e-05
69.50 1e-05
231.23 1e-05
272.87 1e-05
457.30 1e-05
42.35 1e-05
42.36 1e-05
375.28 1e-05
42.37 1e-05
42.38 1e-05
28.00 1e-05
42.39 1e-05
28.01 1e-05
28.02 1e-05
28.04 2e-05
28.05 1e-05
28.07 3e-05
28.08 2e-05
553.86 1e-05
28.09 4e-05
145.41 1e-05
262.29 1e-05
38.60 1e-05
11.40 7e-05
11.41 7e-05
11.42 7e-05
38.62 1e-05
11.43 0.0001
11.44 0.0001
11.45 8e-05
11.46 7e-05
11.47 5e-05
11.48 7e-05
38.68 2e-05
38.69 2e-05
11.49 7e-05
498.94 1e-05
69.61 1e-05
42.41 2e-05
42.43 1e-05
114.55 1e-05
114.56 1e-05
42.48 1e-05
69.68 2e-05
28.12 1e-05
28.15 1e-05
28.16 1e-05
28.17 3e-05
28.18 1e-05
28.19 2e-05
73.44 1e-05
73.45 1e-05
385.99 1e-05
73.47 1e-05
344.42 1e-05
11.50 2e-05
11.51 6e-05
11.52 0.00014
59.11 1e-05
59.12 1e-05
11.53 6e-05
59.13 1e-05
11.54 6e-05
11.55 7e-05
200.48 1e-05
38.76 1e-05
11.56 2e-05
59.15 1e-05
38.77 1e-05
227.69 1e-05
11.57 4e-05
104.08 2e-05
11.58 5e-05
11.59 8e-05
59.18 1e-05
742.20 1e-05
176.51 1e-05
707.58 1e-05
114.60 1e-05
42.50 2e-05
231.46 1e-05
114.66 1e-05
11148.62 1e-05
42.56 2e-05
258.69 1e-05
69.78 1e-05
28.20 2e-05
42.59 2e-05
28.21 3e-05
28.22 2e-05
28.24 3e-05
28.25 2e-05
28.26 2e-05
28.27 1e-05
28.28 2e-05
28.29 3e-05
3846.86 1e-05
656.49 1e-05
289.60 1e-05
262.41 1e-05
73.50 1e-05
289.65 1e-05
11.60 6e-05
104.12 1e-05
32.00 2e-05
73.58 1e-05
11.61 7e-05
32.01 1e-05
11.62 0.0001
38.83 1e-05
32.02 3e-05
59.22 1e-05
11.63 0.0001
38.84 1e-05
32.03 2e-05
11.64 4e-05
11.65 6e-05
32.04 1e-05
32.05 4e-05
11.66 8e-05
32.06 1e-05
38.87 1e-05
11.67 5e-05
59.27 2e-05
38.88 1e-05
11.68 8e-05
32.08 1e-05
11.69 6e-05
59.29 1e-05
625.56 1e-05
1805.29 1e-05
69.80 2e-05
42.61 1e-05
63.01 1e-05
42.62 1e-05
42.64 1e-05
114.77 1e-05
279.17 1e-05
63.05 1e-05
42.66 1e-05
114.78 1e-05
42.67 1e-05
63.06 1e-05
63.07 1e-05
28.30 2e-05
28.32 1e-05
63.09 1e-05
28.33 1e-05
28.36 1e-05
28.37 1e-05
28.39 2e-05
738.62 1e-05
1126.53 1e-05
738.65 1e-05
1360.18 1e-05
145.73 1e-05
94.00 1e-05
73.61 1e-05
94.01 1e-05
73.63 1e-05
145.76 1e-05
227.81 1e-05
73.67 1e-05
11.70 7e-05
2188.55 1e-05
59.30 1e-05
11.71 5e-05
32.11 2e-05
38.92 2e-05
11.72 6e-05
11.73 8e-05
32.12 1e-05
38.94 2e-05
11.74 6e-05
32.13 2e-05
11.75 0.00011
38.96 1e-05
104.27 1e-05
32.15 1e-05
11.76 0.00014
38.97 1e-05
59.36 1e-05
11.77 4e-05
32.16 2e-05
1723.25 1e-05
1192.21 1e-05
11.78 4e-05
32.17 3e-05
38.99 2e-05
59.38 1e-05
11.79 8e-05
32.19 2e-05
502.06 1e-05
176.75 1e-05
176.77 1e-05
42.70 1e-05
69.90 1e-05
396.03 1e-05
42.72 1e-05
69.92 1e-05
63.12 1e-05
42.73 1e-05
114.87 1e-05
42.76 2e-05
63.15 1e-05
574.52 1e-05
28.40 1e-05
42.78 1e-05
28.41 1e-05
42.79 2e-05
28.42 1e-05
28.43 3e-05
28.44 2e-05
28.45 2e-05
28.47 2e-05
28.48 3e-05
28.49 1e-05
145.81 1e-05
166.21 1e-05
145.87 1e-05
11.80 0.00012
32.20 1e-05
11.81 8e-05
32.21 1e-05
94.18 1e-05
73.79 1e-05
11.82 0.00011
59.42 2e-05
11.83 2e-05
32.22 1e-05
59.43 2e-05
11.84 0.0001
11.85 6e-05
104.37 1e-05
11.86 7e-05
32.25 2e-05
11.87 1e-05
32.26 1e-05
104.38 1e-05
59.47 1e-05
32.27 2e-05
11.88 8e-05
11.89 6e-05
32.28 1e-05
59.49 1e-05
32.29 1e-05
646.14 1e-05
42.80 1e-05
42.82 2e-05
42.83 1e-05
135.35 1e-05
135.38 1e-05
63.27 1e-05
252.19 1e-05
28.51 1e-05
42.89 1e-05
63.29 1e-05
28.52 3e-05
28.53 1e-05
28.54 1e-05
28.55 1e-05
28.56 2e-05
28.57 1e-05
28.58 1e-05
28.59 4e-05
732.04 1e-05
180.66 1e-05
289.91 1e-05
73.85 1e-05
73.86 1e-05
94.26 1e-05
11.90 8e-05
59.50 2e-05
32.30 1e-05
11.91 5e-05
11.92 0.00011
59.52 1e-05
11.93 6e-05
32.33 1e-05
104.45 1e-05
11.94 5e-05
11.95 6e-05
221.26 1e-05
11.96 7e-05
11.97 0.00011
32.36 2e-05
104.49 1e-05
11.98 5e-05
32.37 2e-05
59.57 2e-05
11.99 6e-05
32.38 1e-05
18.00 5e-05
32.39 2e-05
59.59 2e-05
18.01 3e-05
18.02 4e-05
18.03 3e-05
18.04 3e-05
18.05 5e-05
742.62 1e-05
18.06 2e-05
18.07 1e-05
18.08 3e-05
18.09 1e-05
707.90 1e-05
197.30 1e-05
2984.30 1e-05
176.96 1e-05
42.91 2e-05
927.27 1e-05
63.31 1e-05
42.92 1e-05
5.00 0.00023
42.94 1e-05
5.01 0.00033
135.46 1e-05
63.34 1e-05
5.02 0.00028
63.35 1e-05
42.96 2e-05
5.03 0.0003
42.97 1e-05
5.04 0.0003
42.98 1e-05
28.60 1e-05
5.05 0.0003
42.99 1e-05
28.61 5e-05
5.06 0.00031
28.62 1e-05
5.07 0.00035
49.02 1e-05
217.55 1e-05
28.63 2e-05
5.08 0.00023
28.64 1e-05
5.09 0.00029
2356.73 1e-05
28.65 3e-05
49.05 2e-05
49.06 1e-05
28.67 2e-05
28.68 3e-05
28.69 4e-05
180.74 1e-05
262.82 1e-05
166.41 1e-05
94.31 1e-05
73.94 1e-05
461.70 1e-05
73.96 1e-05
94.35 1e-05
166.48 1e-05
73.97 1e-05
32.40 2e-05
73.99 1e-05
32.41 1e-05
32.42 1e-05
200.96 1e-05
32.43 1e-05
248.56 1e-05
104.56 1e-05
1545.09 1e-05
59.66 2e-05
303.41 1e-05
18.10 2e-05
59.68 1e-05
32.48 1e-05
32.49 2e-05
18.11 7e-05
18.12 3e-05
660.66 1e-05
18.13 2e-05
18.14 1e-05
18.15 4e-05
18.16 3e-05
18.17 2e-05
886.74 1e-05
1157.82 1e-05
18.18 7e-05
18.19 4e-05
170.21 1e-05
293.82 1e-05
170.25 1e-05
170.27 1e-05
197.48 1e-05
135.52 1e-05
252.33 1e-05
63.41 1e-05
5.10 0.00023
5.11 0.00034
5.12 0.00034
5.13 0.00033
5.14 0.00034
28.70 3e-05
63.47 2e-05
5.15 0.00021
28.71 1e-05
5.16 0.0002
5.17 0.00027
28.72 3e-05
28.73 2e-05
49.12 1e-05
5.18 0.00032
28.74 1e-05
49.13 1e-05
5.19 0.00024
28.75 4e-05
28.77 3e-05
28.78 1e-05
28.79 2e-05
3034.30 1e-05
166.57 1e-05
32.50 2e-05
125.02 1e-05
32.51 3e-05
59.72 1e-05
32.52 1e-05
32.53 3e-05
59.74 1e-05
104.68 1e-05
365.48 1e-05
32.56 4e-05
32.57 1e-05
18.20 2e-05
18.21 2e-05
32.59 2e-05
18.23 3e-05
18.24 5e-05
18.25 1e-05
18.26 3e-05
18.27 4e-05
18.28 4e-05
18.29 2e-05
197.53 1e-05
170.37 1e-05
156.03 1e-05
5.20 0.00027
5.21 0.00024
63.54 1e-05
5.22 0.00034
5.23 0.0003
5.24 0.00029
252.49 1e-05
5.25 0.00025
63.58 1e-05
5.26 0.00031
22.00 3e-05
28.82 2e-05
22.01 1e-05
5.27 0.0002
28.83 3e-05
5.28 0.0002
22.02 4e-05
22.03 1e-05
28.84 1e-05
5.29 0.0003
22.04 3e-05
28.85 2e-05
22.05 3e-05
28.87 1e-05
28.88 1e-05
22.07 5e-05
28.89 1e-05
22.08 3e-05
22.09 5e-05
759.54 1e-05
180.96 1e-05
94.50 1e-05
94.51 1e-05
32.60 2e-05
32.61 1e-05
94.59 1e-05
248.74 1e-05
32.62 3e-05
53.01 1e-05
53.02 1e-05
32.63 1e-05
221.55 1e-05
53.03 1e-05
32.64 1e-05
32.65 1e-05
53.04 2e-05
324.00 1e-05
32.68 2e-05
18.30 3e-05
18.31 3e-05
59.89 1e-05
32.69 2e-05
53.08 1e-05
18.32 1e-05
18.33 5e-05
18.34 1e-05
18.35 1e-05
18.36 3e-05
18.37 3e-05
18.38 2e-05
197.63 1e-05
170.44 1e-05
135.72 1e-05
63.61 1e-05
5.30 0.00016
63.62 2e-05
84.02 1e-05
5.31 0.00027
5.32 0.0002
5.33 0.00028
5.34 0.00031
28.90 1e-05
5.35 0.00032
22.10 4e-05
49.30 2e-05
5.36 0.00031
28.92 1e-05
5.37 0.00035
22.12 4e-05
49.32 1e-05
28.93 3e-05
5.38 0.00023
22.13 2e-05
5.39 0.0002
28.95 1e-05
22.14 1e-05
28.96 1e-05
49.35 1e-05
22.15 5e-05
49.36 1e-05
22.16 5e-05
211.09 1e-05
28.98 2e-05
22.17 1e-05
49.37 1e-05
28.99 1e-05
22.18 1e-05
22.19 1e-05
13111.79 1e-05
94.61 1e-05
94.62 1e-05
166.75 1e-05
187.15 1e-05
94.64 1e-05
221.60 1e-05
94.65 1e-05
59.90 1e-05
32.70 1e-05
59.91 1e-05
32.71 2e-05
32.72 1e-05
53.12 1e-05
32.73 1e-05
104.85 1e-05
59.94 1e-05
104.86 1e-05
53.13 1e-05
248.87 1e-05
53.14 1e-05
104.87 1e-05
32.76 3e-05
32.78 2e-05
18.40 4e-05
53.17 1e-05
32.79 1e-05
18.41 2e-05
18.42 1e-05
18.43 4e-05
18.44 4e-05
18.45 2e-05
18.46 4e-05
18.47 4e-05
18.48 5e-05
18.49 3e-05
170.57 1e-05
197.77 1e-05
279.80 1e-05
63.70 1e-05
5.40 0.00032
252.65 1e-05
5.41 0.00027
63.74 1e-05
5.42 0.00019
5.43 0.00026
63.76 1e-05
5.44 0.00027
63.77 1e-05
5.45 0.00031
595.53 1e-05
84.17 1e-05
22.20 2e-05
5.46 0.00019
22.21 3e-05
5.47 0.00031
5.48 0.00024
238.35 1e-05
49.43 2e-05
5.49 0.00026
22.24 3e-05
3826.40 1e-05
22.25 3e-05
22.26 5e-05
22.27 1e-05
65875.84 1e-05
22.28 1e-05
49.48 1e-05
22.29 2e-05
49.49 2e-05
615.76 1e-05
94.77 2e-05
104.94 1e-05
32.82 1e-05
53.21 1e-05
32.83 1e-05
221.75 1e-05
32.84 3e-05
32.85 1e-05
53.24 2e-05
32.86 1e-05
18.50 2e-05
468.22 1e-05
18.51 2e-05
18.52 3e-05
53.29 1e-05
18.53 1e-05
18.54 4e-05
18.56 2e-05
18.57 4e-05
18.58 2e-05
18.59 6e-05
18639.55 1e-05
1658.40 1e-05
170.67 1e-05
1219.19 1e-05
279.91 1e-05
63.80 1e-05
135.93 1e-05
63.82 3e-05
5.50 0.0003
84.22 1e-05
63.83 2e-05
5.51 0.0003
5.52 0.00022
63.85 1e-05
5.53 0.00021
5.54 0.0003
5.55 0.00022
22.30 3e-05
5.56 0.00029
49.51 1e-05
22.31 2e-05
5.57 0.00027
49.52 1e-05
5.58 0.00028
22.32 2e-05
5.59 0.00024
22.33 2e-05
22.34 1e-05
22.36 1e-05
49.56 1e-05
22.37 5e-05
22.38 3e-05
22.39 2e-05
94.80 1e-05
160.15 1e-05
94.84 1e-05
94.86 1e-05
32.90 1e-05
94.87 1e-05
32.91 1e-05
53.30 1e-05
53.31 1e-05
32.92 2e-05
32.93 1e-05
32.94 1e-05
32.95 1e-05
32.97 1e-05
125.49 1e-05
32.98 1e-05
18.61 2e-05
32.99 2e-05
18.62 5e-05
18.63 4e-05
207.56 1e-05
18.64 3e-05
18.65 1e-05
468.38 1e-05
18.66 5e-05
18.67 5e-05
18.68 2e-05
18.69 3e-05
640.08 1e-05
191.12 1e-05
156.40 1e-05
156.42 1e-05
5.60 0.00032
5.61 0.0002
63.94 2e-05
5.62 0.00031
63.95 1e-05
84.34 1e-05
5.63 0.00019
5.64 0.00031
5.65 0.00017
22.40 1e-05
5.66 0.00016
63.98 1e-05
22.41 4e-05
5.67 0.00038
49.62 1e-05
5.68 0.00023
22.42 3e-05
22.43 4e-05
49.63 1e-05
5.69 0.00019
22.44 2e-05
650.61 1e-05
22.45 1e-05
49.65 1e-05
22.46 1e-05
22.47 3e-05
22.48 1e-05
22.49 3e-05
1120.62 1e-05
94.93 1e-05
94.95 1e-05
94.96 1e-05
283.89 1e-05
94.98 2e-05
2816.09 1e-05
39.00 1e-05
39.01 1e-05
125.55 1e-05
39.02 2e-05
53.44 1e-05
386.36 1e-05
39.03 2e-05
39.04 2e-05
39.05 1e-05
39.06 1e-05
18.70 4e-05
53.47 1e-05
18.71 2e-05
39.07 1e-05
53.48 1e-05
18.72 4e-05
53.49 1e-05
39.08 1e-05
420.86 1e-05
18.73 2e-05
18.74 2e-05
18.75 7e-05
18.76 2e-05
18.77 3e-05
18.78 2e-05
18.79 2e-05
252.90 1e-05
5.70 0.00026
5.71 0.00022
2172.07 1e-05
5.72 0.00022
5.73 0.00035
5.74 0.00027
84.46 1e-05
5.75 0.00023
22.50 1e-05
49.70 3e-05
84.47 1e-05
5.76 0.00029
84.48 1e-05
22.51 4e-05
5.77 0.00028
5.78 0.00021
22.53 2e-05
5.79 0.00018
49.74 1e-05
355.46 1e-05
22.54 2e-05
22.55 2e-05
49.76 1e-05
22.56 4e-05
22.57 3e-05
22.58 3e-05
49.79 1e-05
22.59 3e-05
125.62 1e-05
53.51 1e-05
39.11 2e-05
53.53 1e-05
39.12 2e-05
53.54 1e-05
53.55 1e-05
53.56 1e-05
53.57 1e-05
18.80 8e-05
39.16 1e-05
18.81 3e-05
12.00 4e-05
53.58 1e-05
39.17 1e-05
18.82 3e-05
12.01 7e-05
18.83 4e-05
12.02 0.00011
18.84 5e-05
12.03 0.0001
18.85 5e-05
12.04 4e-05
1096.87 1e-05
18.86 6e-05
12.05 7e-05
18.87 5e-05
12.06 0.00011
18.88 4e-05
12.07 5e-05
18.89 4e-05
12.08 0.00011
12.09 5e-05
605.50 1e-05
191.39 1e-05
84.51 1e-05
5.80 0.00026
5.81 0.00024
5.82 0.00024
259.05 1e-05
5.83 0.00012
115.06 1e-05
5.84 0.00031
5.85 0.00014
49.80 1e-05
5.86 0.00025
49.81 1e-05
22.61 2e-05
43.00 1e-05
5.87 0.00019
22.62 2e-05
5.88 0.0002
22.63 7e-05
5.89 0.00018
43.03 1e-05
22.64 4e-05
595.99 1e-05
22.66 2e-05
49.86 1e-05
43.06 1e-05
49.88 1e-05
49.89 1e-05
43.08 1e-05
22.69 4e-05
794.85 1e-05
876.91 1e-05
146.01 1e-05
146.09 1e-05
125.73 1e-05
53.61 1e-05
39.20 2e-05
39.21 2e-05
53.63 1e-05
39.22 1e-05
53.64 1e-05
39.23 1e-05
207.80 1e-05
39.24 3e-05
53.66 1e-05
39.25 1e-05
18.90 4e-05
12.10 5e-05
39.27 1e-05
18.91 7e-05
39.28 1e-05
12.11 7e-05
18.92 4e-05
53.69 2e-05
18.93 3e-05
12.12 5e-05
39.29 2e-05
201.05 1e-05
18.94 1e-05
12.13 0.00014
18.95 3e-05
12.14 5e-05
18.96 4e-05
12.15 7e-05
18.97 2e-05
12.16 5e-05
18.98 2e-05
12.17 6e-05
18.99 1e-05
12.18 7e-05
12.19 6e-05
191.42 1e-05
191.45 1e-05
5.90 0.00026
5.91 0.00032
5.92 0.00026
84.64 3e-05
5.93 0.00032
5.94 0.00018
5.95 0.00022
49.90 1e-05
259.18 1e-05
5.96 0.0002
22.70 3e-05
49.91 1e-05
5.97 0.00012
22.71 3e-05
5.98 0.00026
22.72 2e-05
22.73 2e-05
5.99 0.00016
43.13 2e-05
22.74 2e-05
22.75 1e-05
49.96 1e-05
43.15 1e-05
22.76 5e-05
49.97 1e-05
43.16 3e-05
22.77 2e-05
49.98 1e-05
22.78 2e-05
43.18 1e-05
22.79 2e-05
43.19 1e-05
794.96 1e-05
870.28 1e-05
187.73 1e-05
160.53 1e-05
345.00 1e-05
146.17 1e-05
125.81 1e-05
187.79 1e-05
146.18 1e-05
39.31 2e-05
53.75 1e-05
5662.94 1e-05
39.34 1e-05
39.35 2e-05
74.15 1e-05
39.36 2e-05
76623.31 1e-05
39.37 1e-05
12.20 9e-05
53.79 1e-05
39.38 1e-05
74.18 1e-05
12.21 9e-05
12.22 7e-05
12.23 5e-05
640.40 1e-05
12.24 5e-05
12.25 4e-05
12.26 7e-05
12.27 6e-05
523.64 1e-05
12.28 1e-05
523.65 1e-05
12.29 5e-05
722.58 1e-05
115.20 1e-05
156.81 1e-05
150.01 1e-05
115.26 1e-05
390.47 1e-05
238.91 1e-05
22.80 1e-05
115.28 1e-05
22.81 3e-05
22.82 4e-05
43.21 2e-05
43.22 1e-05
232.15 1e-05
43.23 3e-05
22.84 5e-05
22.85 4e-05
43.24 1e-05
22.87 3e-05
43.26 1e-05
43.27 1e-05
43.28 1e-05
22.89 3e-05
698.67 1e-05
513.07 1e-05
146.23 1e-05
160.64 1e-05
125.91 1e-05
187.89 1e-05
53.81 1e-05
39.40 2e-05
53.83 1e-05
39.43 2e-05
39.44 3e-05
228.36 1e-05
242.78 1e-05
386.78 1e-05
39.45 2e-05
39.46 2e-05
39.47 1e-05
74.27 1e-05
12.30 5e-05
12.31 6e-05
39.48 5e-05
12.32 6e-05
39.49 1e-05
12.33 5e-05
12.34 6e-05
12.35 2e-05
201.28 1e-05
12.36 0.0001
12.37 6e-05
12.38 3e-05
12.39 8e-05
605.88 1e-05
191.68 1e-05
84.83 1e-05
22.90 3e-05
43.30 1e-05
22.91 4e-05
22.92 2e-05
43.32 2e-05
22.93 4e-05
43.33 1e-05
22.94 1e-05
22.95 2e-05
22.96 3e-05
43.36 1e-05
22.97 2e-05
22.98 1e-05
43.38 1e-05
22.99 2e-05
410.79 1e-05
160.71 1e-05
160.72 1e-05
2933.34 1e-05
53.90 1e-05
39.50 1e-05
53.93 2e-05
39.52 1e-05
39.54 2e-05
53.96 2e-05
53.98 1e-05
39.57 3e-05
12.40 7e-05
12.41 7e-05
12.42 6e-05
12.43 2e-05
12.44 3e-05
201.37 1e-05
12.45 8e-05
324.99 1e-05
12.46 3e-05
12.47 0.00011
12.48 4e-05
12.49 4e-05
509.47 1e-05
150.21 1e-05
84.93 1e-05
84.97 1e-05
211.92 1e-05
43.40 1e-05
115.49 1e-05
84.98 1e-05
29.00 1e-05
43.41 1e-05
43.42 1e-05
29.01 2e-05
43.43 3e-05
29.02 2e-05
29.03 2e-05
43.44 1e-05
29.04 1e-05
43.47 1e-05
29.07 2e-05
29.08 1e-05
29.09 3e-05
146.42 1e-05
74.41 1e-05
39.62 1e-05
39.63 1e-05
39.64 2e-05
263.36 1e-05
39.65 1e-05
201.41 1e-05
74.47 1e-05
12.50 7e-05
39.67 1e-05
12.51 4e-05
39.68 1e-05
74.48 1e-05
661.04 1e-05
39.69 1e-05
12.52 7e-05
12.53 7e-05
12.54 9e-05
12.55 7e-05
12.56 6e-05
201.49 1e-05
12.57 7e-05
12.58 6e-05
12.59 7e-05
191.81 1e-05
191.84 1e-05
150.30 1e-05
273.92 1e-05
150.35 1e-05
376.37 1e-05
43.51 1e-05
29.10 1e-05
29.11 2e-05
43.53 1e-05
29.12 2e-05
232.45 1e-05
29.13 3e-05
29.14 1e-05
43.55 1e-05
774.10 1e-05
29.15 2e-05
29.16 1e-05
29.17 1e-05
43.58 1e-05
43.59 1e-05
29.18 1e-05
39.70 3e-05
74.50 2e-05
39.71 1e-05
105.04 1e-05
39.75 1e-05
39.77 1e-05
12.60 9e-05
12.61 4e-05
201.54 1e-05
12.62 4e-05
12.63 2e-05
12.64 5e-05
12.65 0.0001
1137.90 1e-05
12.66 4e-05
12.67 6e-05
1137.92 1e-05
12.68 6e-05
12.69 7e-05
115.61 1e-05
115.63 1e-05
150.44 1e-05
259.66 1e-05
2110.83 1e-05
150.49 1e-05
43.61 1e-05
29.20 3e-05
29.21 2e-05
29.22 1e-05
43.64 1e-05
29.23 1e-05
29.24 2e-05
43.68 2e-05
43.69 2e-05
29.28 3e-05
181.40 1e-05
181.46 1e-05
146.67 1e-05
74.60 1e-05
228.72 1e-05
39.80 1e-05
39.81 2e-05
33.00 1e-05
39.82 1e-05
33.02 1e-05
33.03 1e-05
489.56 1e-05
39.85 1e-05
33.04 2e-05
33.05 2e-05
39.86 3e-05
33.06 4e-05
12.70 3e-05
74.68 1e-05
12.71 7e-05
12.72 2e-05
33.09 1e-05
12.73 6e-05
12.74 4e-05
12.75 6e-05
12.76 4e-05
12.77 9e-05
12.78 0.00012
12.79 8e-05
2882.57 1e-05
3361.24 1e-05
259.72 1e-05
2172.86 1e-05
64.01 1e-05
136.14 1e-05
64.03 2e-05
376.56 1e-05
43.70 2e-05
64.07 1e-05
232.63 1e-05
29.30 2e-05
64.09 1e-05
479.04 1e-05
29.33 2e-05
29.35 1e-05
43.76 1e-05
43.77 1e-05
29.36 2e-05
43.78 1e-05
29.38 1e-05
29.39 1e-05
1326.47 1e-05
95.06 1e-05
105.21 1e-05
39.90 1e-05
74.71 1e-05
33.10 3e-05
105.24 1e-05
33.12 3e-05
33.13 1e-05
39.94 1e-05
39.95 1e-05
33.14 2e-05
74.76 1e-05
33.16 1e-05
74.77 1e-05
12.80 8e-05
74.78 1e-05
12.81 3e-05
39.98 2e-05
33.17 3e-05
33.18 1e-05
74.79 1e-05
12.82 8e-05
39.99 1e-05
1847.88 1e-05
12.83 8e-05
12.84 6e-05
12.85 7e-05
12.86 2e-05
12.87 3e-05
12.88 8e-05
12.89 5e-05
177.70 1e-05
198.10 1e-05
150.61 1e-05
150.68 1e-05
43.80 1e-05
259.89 1e-05
64.16 1e-05
458.72 1e-05
29.40 1e-05
136.29 1e-05
3587.49 1e-05
43.82 2e-05
29.42 1e-05
64.19 1e-05
29.43 2e-05
43.85 1e-05
29.44 3e-05
335.17 1e-05
43.86 1e-05
29.45 1e-05
29.46 3e-05
575.59 1e-05
43.87 1e-05
43.88 2e-05
29.47 1e-05
1954.16 1e-05
43.89 1e-05
29.48 3e-05
431.65 1e-05
29.49 2e-05
95.10 1e-05
95.11 1e-05
95.13 1e-05
167.28 1e-05
74.80 1e-05
74.81 1e-05
95.18 1e-05
1703.91 1e-05
33.23 2e-05
74.85 1e-05
33.25 2e-05
12.90 5e-05
12.91 4e-05
33.27 2e-05
33.28 1e-05
12.92 6e-05
12.93 5e-05
12.94 7e-05
12.95 4e-05
12.96 7e-05
12.97 4e-05
421.08 1e-05
12.98 3e-05
12.99 4e-05
503.18 1e-05
400.79 1e-05
294.65 1e-05
493.53 1e-05
198.29 1e-05
64.20 1e-05
64.23 1e-05
397.15 1e-05
150.78 1e-05
64.25 1e-05
43.91 1e-05
29.51 1e-05
29.52 1e-05
43.93 1e-05
29.54 1e-05
43.96 1e-05
29.55 3e-05
43.97 1e-05
29.57 2e-05
181.73 1e-05
284.16 1e-05
345.82 1e-05
105.41 1e-05
74.90 1e-05
33.30 2e-05
95.27 1e-05
33.32 2e-05
33.33 3e-05
74.95 1e-05
33.34 1e-05
74.96 1e-05
263.88 1e-05
33.35 3e-05
33.36 1e-05
33.37 1e-05
19.00 8e-05
33.39 2e-05
19.01 3e-05
19.04 4e-05
462.79 1e-05
427.99 1e-05
19.05 5e-05
19.06 3e-05
19.07 1e-05
19.08 1e-05
19.09 1e-05
198.31 1e-05
171.11 1e-05
177.94 1e-05
294.77 1e-05
177.98 1e-05
64.32 1e-05
6.00 0.0003
64.33 1e-05
6.01 0.0003
2909.05 1e-05
6.02 0.0002
6.03 0.00015
136.48 1e-05
6.04 0.00026
29.60 3e-05
6.05 0.00036
64.38 1e-05
29.61 2e-05
6.06 0.0002
29.62 1e-05
64.39 1e-05
6.07 0.00029
6.08 0.00031
29.64 2e-05
6.09 0.00016
29.65 2e-05
29.66 1e-05
29.67 1e-05
29.68 1e-05
29.69 2e-05
616.37 1e-05
140.29 1e-05
33.41 3e-05
105.54 1e-05
33.42 1e-05
33.43 2e-05
33.44 2e-05
33.45 3e-05
33.47 1e-05
105.59 1e-05
19.10 2e-05
33.48 1e-05
33.49 2e-05
19.11 3e-05
19.12 2e-05
19.13 3e-05
764.10 1e-05
19.14 3e-05
19.15 2e-05
19.16 5e-05
19.17 1e-05
16781.84 1e-05
19.18 4e-05
19.19 6e-05
294.88 1e-05
150.94 2e-05
64.41 1e-05
6.10 0.00016
6.11 0.00021
64.44 2e-05
6.12 0.00016
6.13 0.00026
136.58 1e-05
150.99 1e-05
64.46 1e-05
6.14 0.00011
29.70 2e-05
6.15 0.00016
6.16 0.00024
29.71 3e-05
29.72 2e-05
64.49 1e-05
6.17 0.0002
29.73 3e-05
6.18 0.00028
431.90 1e-05
6.19 0.00022
29.74 2e-05
29.75 1e-05
29.76 1e-05
29.77 3e-05
657.93 1e-05
29.78 2e-05
29.79 1e-05
657.98 1e-05
911.76 1e-05
95.40 1e-05
140.37 1e-05
95.46 1e-05
33.51 2e-05
126.02 1e-05
33.52 2e-05
126.04 1e-05
33.53 2e-05
33.54 1e-05
33.56 1e-05
304.53 1e-05
33.58 2e-05
19.20 5e-05
33.59 1e-05
19.21 2e-05
304.55 1e-05
19.22 1e-05
19.24 2e-05
19.25 1e-05
448.59 1e-05
19.26 5e-05
19.27 2e-05
19.28 3e-05
19.29 1e-05
171.33 1e-05
157.00 1e-05
64.51 1e-05
6.20 0.00019
6.21 0.00025
64.53 1e-05
6.22 0.00031
136.66 1e-05
6.23 0.00024
64.56 1e-05
370.28 1e-05
6.24 0.00017
29.80 1e-05
218.72 1e-05
6.25 0.00027
9577.50 1e-05
23.00 3e-05
29.81 1e-05
6.26 0.00027
29.82 3e-05
23.01 3e-05
6.27 0.00027
29.83 4e-05
6.28 0.00022
23.02 5e-05
6.29 0.00023
29.84 5e-05
23.03 1e-05
29.85 1e-05
29.86 2e-05
29.87 1e-05
23.06 4e-05
23.07 3e-05
651.23 1e-05
29.89 1e-05
23.08 1e-05
733.30 1e-05
284.46 1e-05
95.55 1e-05
95.57 1e-05
54.01 1e-05
33.63 1e-05
33.65 1e-05
380.99 1e-05
54.06 1e-05
33.67 1e-05
54.07 1e-05
126.19 1e-05
33.68 3e-05
33.69 3e-05
19.31 8e-05
19.32 1e-05
208.25 1e-05
1601.18 1e-05
19.33 4e-05
19.34 6e-05
19.35 3e-05
3899.89 1e-05
19.36 4e-05
19.37 3e-05
19.38 3e-05
846.41 1e-05
729.63 1e-05
171.42 1e-05
198.63 1e-05
846.48 1e-05
1433.20 1e-05
171.49 1e-05
64.60 1e-05
64.61 1e-05
157.12 1e-05
85.01 1e-05
64.62 1e-05
6.30 0.0002
85.02 2e-05
6.31 0.00019
6.32 0.00013
6.33 0.00017
64.66 1e-05
6.34 0.00026
85.06 1e-05
596.42 1e-05
29.90 3e-05
6.35 0.00026
29.91 2e-05
23.10 4e-05
6.36 0.00028
218.84 1e-05
29.92 1e-05
23.11 3e-05
6.37 0.00026
23.12 4e-05
29.93 4e-05
6.38 0.00018
23.13 1e-05
6.39 0.00014
23.14 1e-05
29.95 4e-05
29.96 1e-05
29.97 2e-05
23.16 3e-05
29.98 2e-05
23.17 2e-05
29.99 2e-05
23.18 2e-05
23.19 4e-05
167.71 1e-05
167.74 1e-05
284.55 1e-05
95.63 1e-05
140.59 1e-05
33.70 1e-05
387.02 1e-05
33.71 1e-05
54.11 1e-05
33.72 1e-05
243.04 1e-05
33.73 1e-05
33.74 1e-05
105.87 1e-05
33.76 2e-05
33.77 1e-05
19.40 2e-05
19.41 4e-05
54.19 1e-05
19.42 4e-05
304.75 1e-05
19.43 2e-05
19.44 3e-05
19.45 4e-05
19.47 1e-05
19.48 1e-05
19.49 3e-05
171.57 1e-05
2193.94 1e-05
64.70 1e-05
130.02 1e-05
1550.15 1e-05
130.03 1e-05
6.40 0.00018
64.73 1e-05
85.12 1e-05
6.41 0.00017
6.42 0.00022
218.90 1e-05
6.43 0.00017
6.44 0.00018
130.08 1e-05
64.77 1e-05
6.45 0.00017
274.09 1e-05
23.20 2e-05
64.78 1e-05
6.46 0.00023
23.21 1e-05
6.47 0.00021
23.22 4e-05
6.48 0.00017
23.23 1e-05
6.49 0.00017
23.24 5e-05
23.25 5e-05
218.99 1e-05
23.27 3e-05
23.29 3e-05
161.02 1e-05
161.04 1e-05
95.73 1e-05
167.86 1e-05
95.75 1e-05
140.68 1e-05
188.27 1e-05
95.76 1e-05
33.81 3e-05
126.33 2e-05
33.82 2e-05
33.83 2e-05
105.96 1e-05
33.84 2e-05
243.15 1e-05
54.24 2e-05
33.85 1e-05
33.86 1e-05
33.87 1e-05
33.88 1e-05
19.50 3e-05
19.51 5e-05
19.52 3e-05
19.53 3e-05
19.54 5e-05
19.55 5e-05
19.56 2e-05
19.57 4e-05
19.59 3e-05
21244.06 1e-05
130.11 1e-05
64.81 1e-05
130.12 1e-05
136.94 1e-05
64.82 1e-05
85.21 1e-05
6.50 0.00019
253.74 1e-05
6.51 0.00021
6.52 0.00014
85.24 1e-05
6.53 0.00029
1632.33 1e-05
85.25 1e-05
6.54 0.00016
85.26 1e-05
212.21 1e-05
6.55 0.00015
157.39 1e-05
6.56 0.00021
23.30 1e-05
212.23 1e-05
6.57 0.00017
23.32 1e-05
6.58 0.00013
6.59 0.00026
23.33 4e-05
23.34 1e-05
23.35 1e-05
23.36 3e-05
23.37 2e-05
212.29 1e-05
23.38 1e-05
23.39 4e-05
95.80 1e-05
167.93 1e-05
140.74 1e-05
161.17 1e-05
54.30 1e-05
33.92 1e-05
54.31 1e-05
54.33 2e-05
33.95 1e-05
243.26 2e-05
33.97 1e-05
387.28 1e-05
33.98 1e-05
19.60 3e-05
54.38 2e-05
33.99 2e-05
19.61 5e-05
19.62 1e-05
54.39 3e-05
19.63 7e-05
19.64 4e-05
19.65 3e-05
19.66 2e-05
19.68 2e-05
407.43 1e-05
19.69 1e-05
606.32 1e-05
192.11 1e-05
171.76 1e-05
922.06 1e-05
130.23 1e-05
6.60 0.00022
6.61 0.0002
6.62 0.00019
64.95 1e-05
6.63 0.00018
85.35 1e-05
6.64 0.00017
356.31 1e-05
85.36 1e-05
6.65 0.00019
23.40 2e-05
85.37 1e-05
6.66 0.00014
6.67 0.00016
23.41 2e-05
6.68 8e-05
23.42 1e-05
6.69 0.0003
23.43 2e-05
23.44 1e-05
23.45 5e-05
23.46 4e-05
23.47 3e-05
23.48 3e-05
23.49 1e-05
555.25 1e-05
815.83 1e-05
95.90 1e-05
188.42 1e-05
188.43 1e-05
95.97 1e-05
54.40 3e-05
54.41 1e-05
243.34 1e-05
54.45 1e-05
243.37 1e-05
54.46 1e-05
126.58 1e-05
325.42 1e-05
19.70 4e-05
19.71 1e-05
54.48 1e-05
19.72 2e-05
19.73 4e-05
19.74 2e-05
19.75 2e-05
19.76 4e-05
19.77 4e-05
19.78 2e-05
19.79 4e-05
192.24 1e-05
6.70 0.00023
6.71 0.00023
6.72 0.00018
6.73 0.00015
6.74 0.00018
116.00 1e-05
6.75 0.0002
85.47 1e-05
6.76 0.00025
23.51 1e-05
6.77 0.00013
23.52 2e-05
6.78 0.00023
116.04 1e-05
23.53 5e-05
6.79 0.00019
23.54 1e-05
23.55 2e-05
116.06 1e-05
23.57 3e-05
116.09 1e-05
23.58 2e-05
23.59 1e-05
83107.20 1e-05
188.50 1e-05
140.92 1e-05
140.95 1e-05
126.62 1e-05
54.50 1e-05
54.51 1e-05
126.64 1e-05
147.03 1e-05
147.05 1e-05
54.55 1e-05
469.51 1e-05
19.80 3e-05
19.81 2e-05
13.00 2e-05
19.82 7e-05
13.01 8e-05
19.83 2e-05
13.02 4e-05
13.03 4e-05
19.84 1e-05
19.85 3e-05
13.04 5e-05
13.05 3e-05
19.86 6e-05
19.87 1e-05
208.79 1e-05
13.06 0.00012
19.88 2e-05
13.07 2e-05
19.89 3e-05
13.08 2e-05
13.09 4e-05
702.92 1e-05
171.96 1e-05
157.60 1e-05
6070.90 1e-05
6.80 0.00016
85.52 1e-05
6.81 0.00018
0.00 0.00438 
6.82 0.00012
0.01 0.00882
6.83 0.00018
0.02 0.00857
356.50 1e-05
6.84 0.00015
0.03 0.00859
130.48 1e-05
6.85 9e-05
0.04 0.00815
356.52 1e-05
23.60 1e-05
6.86 0.00023
0.05 0.00832
23.61 7e-05
6.87 0.00023
0.06 0.0081
44.01 1e-05
116.13 1e-05
23.62 1e-05
85.59 1e-05
6.88 0.00024
0.07 0.00804
23.63 3e-05
6.89 0.00015
0.08 0.00731
23.64 1e-05
44.03 4e-05
0.09 0.00783
23.65 1e-05
23.66 2e-05
23.67 1e-05
23.68 4e-05
23.69 3e-05
44.09 1e-05
54.61 1e-05
75.01 1e-05
54.64 1e-05
75.04 1e-05
75.05 1e-05
325.62 1e-05
54.67 1e-05
19.90 3e-05
202.02 1e-05
19.91 1e-05
13.10 8e-05
54.69 1e-05
75.08 1e-05
19.92 2e-05
13.11 4e-05
19.93 3e-05
13.12 6e-05
19.94 2e-05
13.13 5e-05
13.14 4e-05
19.95 4e-05
13.15 2e-05
19.96 4e-05
586.48 1e-05
325.69 1e-05
19.97 5e-05
13.16 6e-05
19.98 4e-05
13.17 6e-05
19.99 4e-05
13.18 4e-05
13.19 2e-05
85.60 1e-05
6.90 0.00015
85.62 1e-05
6.91 0.00016
0.10 0.0077
6.92 0.00018
0.11 0.00716
6.93 0.00016
0.12 0.00743
85.65 1e-05
6.94 0.00016
0.13 0.00727
130.58 1e-05
377.00 1e-05
6.95 0.00017
0.14 0.0073
157.79 1e-05
6.96 0.00018
0.15 0.00703
44.10 4e-05
6.97 0.00011
0.16 0.00691
23.71 2e-05
85.69 1e-05
44.11 1e-05
6.98 0.00018
0.17 0.00664
23.72 2e-05
23.73 4e-05
6.99 0.0002
0.18 0.0067
44.13 1e-05
0.19 0.00675
23.74 4e-05
44.14 2e-05
23.75 1e-05
23.76 5e-05
555.52 1e-05
473.49 1e-05
23.77 4e-05
116.29 2e-05
23.78 1e-05
23.79 5e-05
44.19 1e-05
3255.47 1e-05
188.74 1e-05
161.54 1e-05
75.10 1e-05
120.05 2e-05
75.13 2e-05
54.74 1e-05
54.75 1e-05
54.76 1e-05
75.16 1e-05
54.77 1e-05
75.17 2e-05
13.20 3e-05
13.21 0.00011
13.22 7e-05
13.23 8e-05
1848.29 1e-05
13.24 2e-05
13.25 3e-05
13.26 6e-05
13.27 8e-05
13.28 7e-05
13.29 4e-05
1138.61 1e-05
130.64 2e-05
0.20 0.00625
0.21 0.00656
0.22 0.00615
0.23 0.00573
0.24 0.00591
23.80 2e-05
0.25 0.00597
23.81 2e-05
0.26 0.00576
44.20 1e-05
0.27 0.0058
23.83 1e-05
116.34 1e-05
44.22 2e-05
0.28 0.00566
116.35 1e-05
44.23 1e-05
23.84 1e-05
0.29 0.00539
44.24 2e-05
23.87 3e-05
23.88 2e-05
23.89 1e-05
44.29 4e-05
54.80 1e-05
75.20 1e-05
126.94 1e-05
54.85 1e-05
120.16 1e-05
54.87 1e-05
13.30 5e-05
229.43 1e-05
75.28 1e-05
13.31 8e-05
202.23 1e-05
13.32 2e-05
229.45 1e-05
13.33 6e-05
202.26 1e-05
13.34 4e-05
13.35 7e-05
13.36 4e-05
13.37 6e-05
13.38 6e-05
13.39 6e-05
723.64 1e-05
130.70 1e-05
151.10 1e-05
274.74 1e-05
0.30 0.00541
0.31 0.00534
178.35 1e-05
0.32 0.00582
0.33 0.00545
151.17 1e-05
85.86 1e-05
0.34 0.00531
0.35 0.0047
23.90 2e-05
23.91 1e-05
0.36 0.00517
23.92 1e-05
0.37 0.00497
0.38 0.00475
23.93 1e-05
23.94 4e-05
0.39 0.0051
116.45 1e-05
350.06 1e-05
23.95 1e-05
44.34 3e-05
44.35 1e-05
23.96 2e-05
23.97 2e-05
44.36 3e-05
23.98 1e-05
44.37 2e-05
23.99 2e-05
44.39 1e-05
1169.77 1e-05
182.10 1e-05
188.91 2e-05
188.97 1e-05
381.00 1e-05
147.40 2e-05
54.90 1e-05
264.22 1e-05
120.24 1e-05
75.33 1e-05
54.95 1e-05
54.96 1e-05
54.98 1e-05
13.40 9e-05
120.29 1e-05
54.99 1e-05
75.38 1e-05
13.41 2e-05
13.42 0.0001
13.43 4e-05
13.44 6e-05
13.45 6e-05
13.46 7e-05
13.47 7e-05
3817.63 1e-05
13.48 9e-05
13.49 8e-05
662.07 1e-05
192.77 1e-05
0.40 0.00459
0.41 0.00458
0.42 0.00444
0.43 0.00448
233.30 1e-05
0.44 0.00463
212.92 1e-05
85.97 1e-05
130.89 1e-05
0.45 0.00506
44.40 1e-05
0.46 0.00416
116.53 1e-05
0.47 0.00417
0.48 0.0037
0.49 0.00396
44.44 2e-05
44.46 2e-05
44.49 1e-05
1286.66 1e-05
514.38 1e-05
3310.62 1e-05
161.88 1e-05
120.35 1e-05
75.43 1e-05
120.38 1e-05
75.46 1e-05
147.59 1e-05
442.83 1e-05
13.50 6e-05
75.47 1e-05
13.51 5e-05
13.52 7e-05
202.45 1e-05
13.53 5e-05
13.54 8e-05
13.55 7e-05
13.56 4e-05
13.57 6e-05
13.58 5e-05
13.59 7e-05
295.31 1e-05
130.93 1e-05
0.50 0.00417
0.51 0.00412
0.52 0.00425
0.53 0.00362
0.54 0.00387
0.55 0.00353
44.50 2e-05
0.56 0.00396
0.57 0.00391
0.58 0.00367
0.59 0.00343
44.55 1e-05
44.56 1e-05
116.68 1e-05
44.59 1e-05
411.99 1e-05
120.40 1e-05
75.50 1e-05
182.39 1e-05
75.51 1e-05
106.03 1e-05
75.53 1e-05
106.04 1e-05
147.65 1e-05
13.60 4e-05
34.00 1e-05
13.61 2e-05
13.63 5e-05
34.02 1e-05
4132.35 1e-05
34.03 2e-05
13.64 7e-05
13.65 5e-05
202.58 1e-05
34.05 1e-05
13.66 6e-05
34.06 1e-05
13.67 9e-05
34.07 1e-05
13.68 0.0001
34.08 1e-05
13.69 8e-05
34.09 1e-05
1337.94 1e-05
0.60 0.00382
0.61 0.00366
0.62 0.00388
0.63 0.00354
0.64 0.00388
0.65 0.00363
0.66 0.00321 
44.61 1e-05
0.67 0.00335
0.68 0.00346
0.69 0.00324
44.63 2e-05
65.03 1e-05
116.76 3e-05
44.64 2e-05
44.66 1e-05
116.78 1e-05
65.06 1e-05
65.07 1e-05
65.09 1e-05
974.21 1e-05
182.42 2e-05
182.44 1e-05
360.90 1e-05
106.11 1e-05
147.72 1e-05
75.60 1e-05
75.67 1e-05
13.70 7e-05
13.71 2e-05
34.10 3e-05
13.72 4e-05
346.65 1e-05
13.73 4e-05
34.13 1e-05
13.74 3e-05
13.75 6e-05
13.76 7e-05
1807.24 1e-05
34.16 1e-05
13.77 4e-05
2444.25 1e-05
305.09 1e-05
34.17 1e-05
13.78 6e-05
34.18 1e-05
428.74 1e-05
13.79 3e-05
1310.81 1e-05
295.52 1e-05
0.70 0.00328
0.71 0.00335
0.72 0.0029
0.73 0.00299
0.74 0.00335
0.75 0.00313
0.76 0.00303
0.77 0.0032
110.02 1e-05
350.44 1e-05
65.11 1e-05
44.72 2e-05
0.78 0.00312
110.04 1e-05
0.79 0.00302
116.87 1e-05
44.75 2e-05
44.76 2e-05
44.77 2e-05
116.89 1e-05
65.17 1e-05
617.07 1e-05
223.01 1e-05
120.63 1e-05
168.19 1e-05
75.71 1e-05
106.23 1e-05
106.27 1e-05
96.15 1e-05
13.80 3e-05
13.81 5e-05
141.09 1e-05
75.78 1e-05
75.79 1e-05
13.82 5e-05
13.83 0.00012
34.23 1e-05
13.84 4e-05
13.85 2e-05
13.86 6e-05
34.26 2e-05
13.87 4e-05
13.88 0.0001
13.89 0.00011
34.28 2e-05
545.69 1e-05
600.58 1e-05
13521.59 1e-05
295.60 1e-05
254.00 1e-05
178.81 1e-05
0.80 0.00299
0.81 0.00266
0.82 0.00281
0.83 0.00278
0.84 0.00283
0.85 0.00291
137.28 1e-05
0.86 0.00276
0.87 0.00302
44.82 1e-05
0.88 0.00285
44.83 2e-05
116.95 1e-05
0.89 0.0025
65.23 1e-05
44.86 2e-05
116.99 1e-05
44.89 1e-05
65.29 1e-05
141.10 1e-05
141.14 1e-05
147.95 1e-05
141.15 1e-05
13.90 4e-05
13.91 8e-05
34.31 1e-05
96.28 1e-05
13.92 9e-05
75.89 1e-05
13.93 5e-05
13.94 5e-05
34.33 2e-05
34.34 1e-05
13.95 6e-05
34.35 1e-05
13.96 9e-05
346.89 1e-05
34.36 3e-05
13.97 5e-05
13.98 5e-05
34.37 2e-05
13.99 4e-05
600.61 1e-05
0.90 0.00268
0.91 0.00259
254.14 1e-05
0.92 0.00259
0.93 0.00271
151.77 1e-05
0.94 0.00253
0.95 0.0024
44.90 1e-05
0.96 0.0024
44.91 2e-05
65.30 1e-05
0.97 0.00258
0.98 0.0024
44.93 1e-05
0.99 0.00231
7.00 0.00016
336.25 1e-05
65.33 1e-05
7.01 0.0002
377.87 1e-05
44.95 3e-05
7.02 0.00019
7.03 0.0002
7.04 0.00015
453.09 1e-05
44.98 2e-05
7.05 0.00011
7.06 0.00013
7.07 9e-05
7.08 0.0002
7.09 0.00018
1046.68 1e-05
974.58 1e-05
75.91 1e-05
912.67 1e-05
106.42 1e-05
75.92 1e-05
7235.35 1e-05
96.33 1e-05
75.94 2e-05
75.98 1e-05
340.13 1e-05
1077.62 1e-05
34.41 2e-05
96.39 1e-05
340.16 1e-05
34.44 2e-05
34.45 1e-05
34.46 2e-05
34.49 1e-05
1235.09 1e-05
1674.34 1e-05
151.85 1e-05
110.30 1e-05
110.32 1e-05
336.33 1e-05
7.10 9e-05
65.43 1e-05
7.11 0.00022
7.12 0.00014
418.40 1e-05
65.45 1e-05
7.13 0.0002
7.14 0.00018
65.47 3e-05
7.15 0.00021
65.48 1e-05
7.16 0.00012
7.17 0.00012
7.18 0.00019
7.19 0.00023
652.07 1e-05
148920.33 1e-05
631.73 1e-05
5005.42 1e-05
25577.92 1e-05
141.31 1e-05
96.42 1e-05
2149.30 1e-05
96.45 1e-05
106.59 1e-05
3516.26 1e-05
34.58 2e-05
34.59 1e-05
1118.34 1e-05
703.27 1e-05
398.31 1e-05
137.51 1e-05
254.35 1e-05
110.41 2e-05
7.20 0.0002
7.21 0.00019
7.22 0.00015
7.23 0.00023
65.55 1e-05
7.24 0.00013
65.56 1e-05
7.25 0.00015
7.26 0.00019
7.27 0.00015
7.28 0.00016
7.29 0.00025
734.22 1e-05
617.46 1e-05
182.97 1e-05
168.56 1e-05
106.61 1e-05
381.82 1e-05
96.50 1e-05
141.44 1e-05
141.47 1e-05
463.92 1e-05
106.69 2e-05
34.60 2e-05
34.62 1e-05
34.64 2e-05
305.56 1e-05
1602.09 1e-05
34.66 2e-05
34.67 2e-05
34.68 5e-05
137.66 1e-05
219.71 1e-05
24.00 1e-05
24.01 3e-05
65.62 1e-05
7.30 0.00015
7.31 0.00014
24.02 1e-05
24.03 2e-05
7.32 0.00012
65.64 1e-05
7.33 0.0002
24.04 4e-05
7.34 9e-05
24.05 4e-05
7.35 0.00021
24.06 2e-05
7.36 0.0001
24.07 5e-05
24.08 2e-05
7.37 0.00014
693.86 1e-05
7.38 0.00011
24.09 2e-05
7.39 0.00017
734.34 1e-05
12915.99 1e-05
141.50 1e-05
106.72 1e-05
484.32 1e-05
55.03 1e-05
55.04 1e-05
141.57 1e-05
55.05 2e-05
34.70 2e-05
55.06 1e-05
55.07 1e-05
34.71 1e-05
34.72 4e-05
34.73 1e-05
34.74 1e-05
34.77 3e-05
209.29 1e-05
34.78 1e-05
34.79 2e-05
504.58 1e-05
172.51 1e-05
137.75 1e-05
336.60 1e-05
158.17 1e-05
110.61 1e-05
65.70 1e-05
86.06 1e-05
24.10 4e-05
65.72 1e-05
24.11 1e-05
7.40 0.00015
86.09 1e-05
110.65 1e-05
24.12 1e-05
65.73 1e-05
7.41 0.00011
7.42 0.00025
24.14 2e-05
7.43 0.00012
110.68 1e-05
65.76 1e-05
7.44 0.00017
24.16 3e-05
7.45 0.00022
357.09 1e-05
24.17 2e-05
7.46 7e-05
5530.98 1e-05
24.18 2e-05
7.47 0.00026
24.19 3e-05
7.48 0.0002
7.49 0.00016
6317.77 1e-05
933.39 1e-05
34208.27 1e-05
168.78 1e-05
127.20 2e-05
106.82 2e-05
367.63 1e-05
55.11 2e-05
55.12 3e-05
55.13 1e-05
100.05 1e-05
100.07 1e-05
100.08 1e-05
34.80 1e-05
34.81 1e-05
34.82 1e-05
55.19 1e-05
34.83 1e-05
34.84 2e-05
34.86 4e-05
34.89 3e-05
408.24 1e-05
1496.26 1e-05
847.59 1e-05
137.82 1e-05
275.01 1e-05
86.10 1e-05
172.64 2e-05
131.04 1e-05
158.24 1e-05
86.16 1e-05
24.20 1e-05
65.82 1e-05
24.21 1e-05
7.50 0.00017
24.22 6e-05
7.51 0.0002
86.19 1e-05
24.23 4e-05
7.52 0.00012
110.76 1e-05
24.24 2e-05
7.53 0.00015
110.77 1e-05
24.25 2e-05
7.54 0.00018
24.26 3e-05
7.55 0.00014
24.27 1e-05
7.56 0.00013
24.28 1e-05
7.57 0.00016
24.29 2e-05
7.58 0.00011
7.59 0.00012
189.26 1e-05
106.92 1e-05
55.22 1e-05
55.23 1e-05
127.37 1e-05
106.99 1e-05
326.21 1e-05
34.90 1e-05
34.91 1e-05
34.92 3e-05
96.89 1e-05
55.28 2e-05
209.43 1e-05
34.95 1e-05
34.96 1e-05
24224.87 1e-05
34.99 3e-05
131.11 1e-05
86.22 3e-05
110.80 1e-05
254.78 1e-05
131.17 1e-05
86.25 1e-05
24.30 3e-05
65.92 1e-05
24.31 2e-05
7.60 0.00013
110.85 1e-05
7.61 7e-05
24.32 2e-05
24.33 2e-05
7.62 0.00014
7.63 0.00011
24.34 3e-05
65.95 1e-05
24.35 1e-05
7.64 0.00021
65.97 1e-05
7.65 0.00016
24.37 6e-05
418.93 1e-05
7.66 0.0001
65.99 1e-05
24.38 1e-05
7.67 9e-05
24.39 3e-05
7.68 0.0002
7.69 0.0001
168.97 1e-05
141.81 1e-05
96.90 1e-05
141.83 1e-05
127.42 1e-05
96.92 1e-05
55.31 1e-05
96.94 1e-05
55.34 1e-05
244.27 1e-05
127.48 1e-05
96.98 1e-05
55.37 1e-05
340.74 1e-05
55.39 2e-05
2547.68 1e-05
199.95 1e-05
5030.18 1e-05
275.20 1e-05
131.20 1e-05
131.22 1e-05
86.30 1e-05
86.31 1e-05
131.27 1e-05
110.92 1e-05
24.40 2e-05
86.38 1e-05
24.41 2e-05
7.70 0.00014
86.39 1e-05
7.71 0.00016
24.42 5e-05
24.43 1e-05
7.72 0.00013
24.44 1e-05
7.73 0.00016
453.77 1e-05
24.45 1e-05
7.74 0.00013
110.98 1e-05
24.46 2e-05
7.75 0.00017
24.47 1e-05
7.76 0.00015
24.48 1e-05
7.77 0.0002
24.49 1e-05
7.78 0.00013
7.79 0.00012
1122.61 1e-05
189.45 1e-05
162.29 1e-05
55.41 1e-05
141.95 1e-05
55.42 1e-05
55.43 1e-05
683.60 1e-05
361.18 1e-05
422.82 1e-05
244.39 1e-05
55.49 1e-05
398.90 1e-05
172.90 2e-05
131.32 1e-05
86.43 1e-05
131.38 1e-05
24.50 2e-05
24.51 2e-05
7.80 0.00017
117.03 1e-05
24.52 3e-05
7.81 0.00015
24.53 2e-05
7.82 9e-05
24.54 3e-05
7.83 0.00012
24.55 2e-05
7.84 0.00017
7.85 0.00019
24.57 2e-05
7.86 0.0001
24.58 3e-05
7.87 0.00011
24.59 2e-05
7.88 0.00013
7.89 0.00011
439.59 1e-05
2894.44 1e-05
90.26 1e-05
162.39 1e-05
55.50 1e-05
55.52 1e-05
388.45 1e-05
361.25 1e-05
55.56 1e-05
209.71 1e-05
127.69 1e-05
361.29 1e-05
422.94 1e-05
14.00 2e-05
14.01 8e-05
55.59 2e-05
14.02 8e-05
14.03 6e-05
14.04 3e-05
14.05 5e-05
14.06 4e-05
14.07 3e-05
14.08 7e-05
14.09 4e-05
820.70 1e-05
621.88 1e-05
179.01 1e-05
158.62 1e-05
86.51 1e-05
1.00 0.00226
1.01 0.00258
1.02 0.00248
1.03 0.00272
1.04 0.00236
24.60 1e-05
1.05 0.00224
24.61 1e-05
7.90 0.00011
1.06 0.00211
24.62 4e-05
7.91 7e-05
1.07 0.00216
45.02 2e-05
24.63 4e-05
7.92 0.00013
1.08 0.00252
24.64 1e-05
7.93 0.0002
1.09 0.002
7.94 0.00016
45.05 1e-05
24.66 5e-05
7.95 0.00014
24.67 1e-05
117.18 1e-05
7.96 0.00016
24.68 1e-05
45.07 2e-05
7.97 0.0002
24.69 3e-05
45.08 1e-05
7.98 0.00012
790.05 1e-05
45.09 2e-05
7.99 0.00011
90.34 1e-05
55.60 1e-05
100.52 1e-05
76.04 2e-05
203.01 1e-05
55.67 2e-05
148.19 1e-05
14.10 6e-05
4030.42 1e-05
55.69 1e-05
14.11 8e-05
14.12 4e-05
14.13 8e-05
525.50 1e-05
14.14 5e-05
14.15 1e-05
14.16 3e-05
209.89 1e-05
14.17 4e-05
14.18 9e-05
14.19 3e-05
158.71 1e-05
158.72 1e-05
179.12 1e-05
1.10 0.00215
86.63 1e-05
1.11 0.0024
1.12 0.00193
179.16 1e-05
1.13 0.00212
1.14 0.00213
330.42 1e-05
86.67 1e-05
1.15 0.00203
1.16 0.00197
24.71 2e-05
24.72 1e-05
1.17 0.00182
1.18 0.00216
24.74 1e-05
1.19 0.00215
24.75 3e-05
45.15 2e-05
24.76 6e-05
24.77 2e-05
45.16 1e-05
474.49 1e-05
24.78 1e-05
90.41 1e-05
55.70 1e-05
148.23 1e-05
100.66 1e-05
443.51 1e-05
14.20 8e-05
14.21 2e-05
76.19 1e-05
14.22 6e-05
443.56 1e-05
203.15 1e-05
3750.76 1e-05
14.23 3e-05
209.97 1e-05
14.24 8e-05
14.25 2e-05
14.26 5e-05
14.27 5e-05
14.28 6e-05
14.29 6e-05
985.30 1e-05
193.53 1e-05
275.60 1e-05
158.80 1e-05
193.57 1e-05
152.02 1e-05
1.20 0.00188
1.21 0.00195
1.22 0.00196
1.23 0.00189
1.24 0.00186
24.80 2e-05
1.25 0.00187
45.20 1e-05
1.26 0.00182
24.81 3e-05
24.82 1e-05
45.21 1e-05
1.27 0.00178
1.28 0.00174
24.84 1e-05
1.29 0.00204
213.77 1e-05
24.85 1e-05
24.86 2e-05
45.25 1e-05
24.87 1e-05
45.26 1e-05
117.39 1e-05
24.88 3e-05
45.27 1e-05
24.89 2e-05
45.28 1e-05
837.66 1e-05
90.51 1e-05
90.56 1e-05
100.72 1e-05
55.80 2e-05
55.82 1e-05
121.13 1e-05
76.23 2e-05
100.78 1e-05
14.30 0.00012
14.31 1e-05
76.28 1e-05
76.29 2e-05
14.32 3e-05
14.33 4e-05
14.34 1e-05
14.35 5e-05
14.36 5e-05
14.37 6e-05
14.38 3e-05
2568.50 1e-05
14.39 6e-05
985.46 1e-05
1112.58 1e-05
193.67 2e-05
1.30 0.0018
152.14 1e-05
1.31 0.0018
80.03 1e-05
1.32 0.00157
1.33 0.00172
152.16 1e-05
86.86 1e-05
1.34 0.00187
275.79 1e-05
24.90 3e-05
86.87 1e-05
1.35 0.00177
234.22 1e-05
24.91 2e-05
1.36 0.00173
45.31 1e-05
24.92 4e-05
378.23 1e-05
1.37 0.00178
